     tau         EL         x1         y1         z1         x2         y2         z2
       0   -2.72149   -0.74384    0.36178    0.58744   -0.05618   -0.36191   -0.55613 
     100   -3.34558   -0.09226   -0.05681    0.08785    0.02653   -0.80795    0.60117 
     200   -3.31214   -0.43847   -0.10610   -1.21455   -0.40733    0.19915   -0.34135 
     300   -2.98239    0.02817   -0.20830    0.54736    0.14540   -0.85633    0.22687 
     400   -3.49663    0.11196    0.49249    0.50918    0.61422    1.33734    0.67227 
     500   -2.99139    0.20834   -0.04059    0.31657    0.28824    0.26765    0.30546 
     600   -2.76714    0.22673    0.11220   -0.07326   -0.05569   -0.29593    1.15615 
     700   -2.60425    0.27390    0.09447    0.63526   -0.18772   -0.17351    0.06402 
     800   -3.02412   -1.05386   -0.69814    0.41794    1.09234   -0.33659    0.68904 
     900   -2.91714    0.13880   -0.07219    0.04796   -0.02551   -0.13637    0.62900 
    1000   -3.21069   -0.39277   -1.30064   -0.75569   -0.62181   -0.24791   -0.00724 
    1100   -2.83199    0.73450    0.52605   -0.15343   -0.15169   -0.51531    0.93381 
    1200   -2.75548    0.57015    0.67487    0.68221    0.06857   -0.23436   -0.63462 
    1300   -2.92034   -0.36769    0.34475    0.35550    0.09769    0.39952    0.33286 
    1400   -2.76311   -0.56051   -0.50509    0.57028    0.81862   -0.10741   -0.31975 
    1500   -3.16983   -1.56626   -0.10718   -0.93832   -0.61938    0.81992    1.14076 
    1600   -2.74398    0.55382   -0.08830   -0.10501    0.23997   -0.35566    0.41205 
    1700   -3.00191   -0.90469    0.08840   -0.97755    0.66850    0.62035   -0.66242 
    1800   -2.57578    0.28698    0.01061    0.24765    0.24433    0.37019   -0.55619 
    1900   -2.81695   -0.03537   -0.25038   -0.33718   -1.04846    0.17957    0.08495 
    2000   -2.86378   -0.15397   -0.27809   -0.41262   -0.54782   -0.59186    0.98404 
    2100   -2.60987   -0.59595   -0.06743    0.12604    0.75057    0.19132    0.36023 
    2200   -2.49182    0.15416    0.24624   -0.36801   -0.62798   -0.27424    0.26831 
    2300   -2.77694   -0.61577    0.42463   -1.13423    0.19260   -0.36146    0.14522 
    2400   -3.06293    0.08581   -0.17410    1.31426   -0.60692   -1.03252    0.45259 
    2500   -2.94210   -0.96714   -0.40187   -0.79859   -0.51946    0.18284    0.57547 
    2600   -3.08719   -0.83845    1.21870    1.05947   -0.14808   -0.21307   -1.05637 
    2700   -2.35216    0.08751   -0.35440   -0.02870   -0.43796    0.30674   -0.15459 
    2800   -2.58768   -0.03395    0.22396    0.08155    0.41689   -0.34662   -0.85682 
    2900   -2.70747    0.08309   -0.10466    0.11427    0.56306    0.54335   -0.87075 
    3000   -3.18958    1.60918   -2.11524   -1.19431   -0.26764    0.15574   -0.01895 
    3100   -2.95530   -0.32683    0.21296    1.33034   -0.79125    0.11911   -0.47008 
    3200   -2.77270   -0.61934    0.17218    0.13741   -0.12224    0.55068   -0.19880 
    3300   -3.26297    0.01159   -0.15671    0.04922    0.10528   -0.31343    0.99313 
    3400   -3.32588   -0.41228   -0.22374   -0.11912   -0.66672   -0.31584    0.09570 
    3500   -2.37133    0.51971    0.16625   -0.01666   -0.27435   -0.11868    0.30334 
    3600   -2.38170   -0.18550   -0.41323    0.15801    0.22324    0.28783   -0.42053 
    3700   -2.99344    0.25978    0.02468   -0.25462    0.80153    0.46307    0.33269 
    3800   -2.60283   -0.45502    0.33461   -0.13971    0.08754   -0.03216   -0.44901 
    3900   -3.08460   -0.23712    0.32299   -0.27995    0.02204    0.84568   -0.08194 
    4000   -2.87602    1.23310    0.62860   -0.60282   -0.07858    0.03388    0.37466 
    4100   -3.04015   -0.04377    0.80715   -0.36214    0.28422    0.39497   -0.85365 
    4200   -3.00994    0.60175    0.65294    0.66184    0.19490   -0.45437    1.09111 
    4300   -2.91952   -0.13007   -1.09970   -0.66388    0.62233    0.76439    0.27100 
    4400   -2.24185    0.01799   -0.18835   -0.47965    0.12860    0.14069    0.20568 
    4500   -2.41776   -0.05853    0.36821    0.21326   -0.12833   -0.02060   -0.51485 
    4600   -2.29153    0.00161   -0.33043    0.09666   -0.20903    0.48542   -0.19032 
    4700   -2.57646    0.01315   -0.10504   -0.37833    0.47788   -0.34743    0.14529 
    4800   -2.60428    0.04960    0.72178   -0.18515    0.08689    0.00578    0.35968 
    4900   -3.03101   -0.02525   -0.78914   -0.12057    0.95095   -0.04371   -1.15244 
    5000   -2.82186   -0.64420   -0.01571    0.17296    0.09643   -0.75291   -0.84909 
    5100   -2.89842    0.49782    0.73920   -0.08786   -0.90545    0.23818   -0.76181 
    5200   -2.71315    0.71947    0.18293    0.55510   -0.38726    0.27539    0.21745 
    5300   -2.62150    0.02463    0.43104    0.36806    0.15619    0.33623   -0.57956 
    5400   -2.72768   -0.01182    0.25670    0.20377    0.50909   -1.11740    0.18319 
    5500   -2.59577    0.59318   -0.29491   -0.41120   -0.02611   -0.17891    0.46074 
    5600   -3.03283   -0.50885   -0.29317   -1.05576    0.16107   -1.06703   -0.41789 
    5700   -2.30604    0.36560   -0.70816    0.25318   -0.05369    0.07087   -0.04433 
    5800   -3.32686   -0.01641    0.07487   -0.07461   -0.05669    0.56646   -0.06536 
    5900   -2.96502    0.90574   -0.45270   -0.10586   -0.00268   -1.01952    0.04093 
    6000   -2.74121   -0.20836   -0.17003    0.35979    1.08160   -0.11900    0.04638 
    6100   -2.75935   -0.52296   -0.01372   -0.03680   -0.03246    0.37480    0.84664 
    6200   -3.09419   -1.27745   -0.44863    0.53429   -0.87939   -0.37529   -0.99237 
    6300   -2.87403    0.59826    0.54700   -0.14569   -1.03299    0.40181    0.59673 
    6400   -2.97410    0.36395    0.18025   -0.87781   -0.23894    0.03387   -0.20161 
    6500   -2.85797   -0.58989   -0.72052   -0.01233    0.00259   -0.03361    0.24835 
    6600   -2.57745   -0.05481    0.10828   -0.34697    0.24913    0.47401    0.07068 
    6700   -3.31021    0.35291   -0.17276   -0.27094    0.83506    0.51443   -0.92732 
    6800   -2.75039   -0.33691    0.09874   -0.15354    0.50346    0.39498   -0.67021 
    6900   -2.32322    0.54100   -0.14571    0.03830   -0.14475    0.25888   -0.00958 
    7000   -2.94557   -0.14461    0.49025   -0.84409    0.88006    0.15774    1.06825 
    7100   -2.94412   -0.35311    0.84973    0.51702   -0.98099   -0.52007    0.34522 
    7200   -2.66755    0.18276   -0.04578    0.61808   -0.33550    0.30110   -0.88471 
    7300   -3.59683   -0.59033   -0.65215   -0.18710   -1.31639   -1.36142   -0.12306 
    7400   -2.70751    0.17222    0.20028    0.89183   -0.45533    0.31253   -0.49368 
    7500   -3.12479   -1.04985   -0.34754    0.18899   -0.15665    0.17213    0.16055 
    7600   -2.67199   -0.58999   -0.23478   -0.10133   -0.09437    0.34254   -0.49297 
    7700   -3.32849    0.62030   -0.39333   -1.51227    0.58776   -0.28478   -0.22066 
    7800   -2.98581    0.66040    0.72088    0.36121    0.30313   -0.09439    0.57976 
    7900   -2.81559   -0.58084    0.06409   -0.92533   -0.16029   -0.57457    0.59590 
    8000   -2.38000   -0.25934   -0.40279    0.23504   -0.08246    0.15857    0.01268 
    8100   -2.56779    0.54184    0.04225    0.05579   -0.70280    0.35460   -0.28671 
    8200   -2.47075   -0.57272    0.22020    0.14808    0.53079    0.11582    0.06546 
    8300   -2.52792   -0.61786   -0.23059    0.05837    0.15567   -0.15967   -0.31878 
    8400   -2.74225   -0.31113   -0.51939   -0.17069    0.53825    1.02548    0.29881 
    8500   -2.63062    0.34789   -0.50078   -0.22536    0.11128    0.41397    0.69604 
    8600   -2.61739   -0.48294   -0.35255    0.29582   -0.14044    0.29256    0.08742 
    8700   -2.41524   -0.04025    0.30147   -0.26469    0.34828   -0.01505    0.48568 
    8800   -3.24591    0.11162    0.03273   -1.09081   -0.73774   -0.44101   -1.35252 
    8900   -2.81367   -0.48253   -0.23407    0.74884    0.52779    0.77679   -0.51588 
    9000   -2.49009    0.34720    0.00191   -0.17782   -0.10245   -0.01594   -0.25826 
    9100   -2.57992   -0.02606    0.35262   -0.38887    0.55737   -0.58511    0.23581 
    9200   -3.03432   -0.39600    1.09535   -1.10625    0.77760   -0.47298   -0.40883 
    9300   -3.14965    0.41263   -0.24110    0.36669   -0.33339   -1.64936   -1.19218 
    9400   -3.13894    0.60300   -0.19931    0.25238   -0.42949   -1.53751   -1.30529 
    9500   -2.95722   -0.07750   -0.14129    0.74112   -1.19528    0.06770    0.18677 
    9600   -2.71374    0.39438   -0.27536    0.82368   -0.69354    0.01039   -0.25229 
    9700   -2.11979   -0.01825   -0.20530    0.19285    0.18685    0.24969   -0.14629 
    9800   -2.65016   -0.91381   -0.53192    0.05222    0.08942    0.12080   -0.21855 
    9900   -2.57684   -0.27472   -0.34119    0.08514    0.25497   -0.12914    0.44797 
   10000   -2.49442    0.05861    0.08774    0.07128    0.42156   -0.33692   -0.33815 
   10100   -3.11129   -1.13054    1.47572    1.32119   -0.06900   -0.11160   -0.52266 
   10200   -2.92322    0.09876    0.34576   -0.30046    0.16029    0.14110    0.02278 
   10300   -2.63922    0.17778    0.65759   -0.52032    0.28094   -0.22519    0.53951 
   10400   -2.63143   -0.39076   -0.47306   -0.44298   -0.28522    0.13939    0.19667 
   10500   -2.88800    0.96677    0.23875    0.45800   -0.20518    0.45653    0.42364 
   10600   -3.51670    0.14062    0.17313    1.73833    0.19267   -0.05058    0.24217 
   10700   -3.00926    1.08280    1.02185   -0.48691    0.46836   -0.47204    0.52895 
   10800   -2.91650   -0.04837    0.38914   -0.21053    0.35431   -0.41879   -1.03561 
   10900   -2.81378    0.15130   -0.11145    0.51526    0.35342   -0.78160   -0.93491 
   11000   -2.69362   -0.01710   -0.50121    0.27539    0.65074    0.76355   -0.40815 
   11100   -2.75493    0.19191    0.08300    0.01809   -0.02310   -1.12619    0.21451 
   11200   -2.77218   -0.34508   -0.05603   -0.66830   -0.44611    0.69218    0.14538 
   11300   -2.65797    0.74314    0.32276    0.04277   -0.34946   -0.38152    0.51028 
   11400   -2.69470    0.01798    0.05224    0.27277    0.26831    0.12242    0.12991 
   11500   -2.92817   -0.09764   -0.10100    0.83668   -0.21540    0.32225    0.21469 
   11600   -3.54486    0.93590   -0.12428   -1.04906    0.32223   -0.11422   -0.18448 
   11700   -2.46074   -0.00307    0.24296    0.19696   -0.48745   -0.12555   -0.50329 
   11800   -2.87896   -0.10004    0.79334    0.07561    0.18755   -1.20913    0.61972 
   11900   -3.20618    2.00448    0.53740    0.03047    0.01911    0.09802   -0.55065 
   12000   -3.02568    0.33556   -0.96755    0.04779   -1.08918   -0.75411    0.37811 
   12100   -2.31711    0.28409   -0.34833    0.21380   -0.12875    0.04561   -0.33807 
   12200   -3.50357   -0.69654   -0.17641   -0.36802   -0.35129   -0.10608   -0.09803 
   12300   -3.39141   -0.06592    0.41892    0.40676   -0.47213    0.99374    0.42192 
   12400   -3.29854   -0.42953   -0.19754   -0.09683   -0.32048   -0.07407    0.03226 
   12500   -3.46716   -0.08627    0.21974    0.93543    0.09852    0.13080    0.45491 
   12600   -2.91150    1.18946    0.49144    0.84898   -0.29761   -0.59257   -0.22513 
   12700   -2.69622    0.11871    0.33350    0.05423    0.20050   -0.22903    0.74075 
   12800   -2.96916   -0.58804    0.02272    1.31957    0.90814    0.35550   -0.15127 
   12900   -3.44244   -0.30116   -0.40140    0.20801   -0.94412   -1.30801   -0.40306 
   13000   -3.04239   -0.10840    0.32142   -0.17977   -0.87515    0.20824   -0.12688 
   13100   -2.45404    0.47187   -0.17215   -0.02278   -0.07409   -0.01914    0.36215 
   13200   -2.37430    0.16707    0.44324    0.49156   -0.17665   -0.14325   -0.03763 
   13300   -2.89510   -0.12090   -0.43688   -0.04417    0.33688   -0.52044    0.29780 
   13400   -2.60099    0.63035   -0.30588   -0.41575   -0.28979   -0.32154    0.25083 
   13500   -2.70365   -0.06646    0.22370    0.89433    0.42262    0.14870   -0.11341 
   13600   -2.66874    0.40894    0.56298    1.02909   -0.14441   -0.00122   -0.08547 
   13700   -2.78479    0.74738    0.27938   -0.32227   -0.68279   -0.76256    0.27381 
   13800   -3.32395    0.80588    1.07244    0.95922   -0.66494   -2.14684    1.33756 
   13900   -2.54208   -0.08915    0.08591    0.45314    0.13036   -0.42135    0.11666 
   14000   -3.11696    0.00979    0.15082    0.01754    0.15058    0.17476    1.15956 
   14100   -3.10149    0.88725    0.21885   -0.12012    0.66048   -0.18625   -0.39619 
   14200   -2.93016    0.43434    0.33932    0.01433    0.66089   -0.49143   -0.81780 
   14300   -2.97437    0.86838   -0.28485   -0.55518   -0.98441   -0.75100    0.68674 
   14400   -2.97779   -0.11685    0.17951    0.25225   -0.48031    0.48509   -0.05335 
   14500   -3.01004   -0.22548   -0.18921   -0.57248    0.86727   -1.03802   -0.26991 
   14600   -2.61281    0.47209   -0.20792    0.43938   -0.69438   -0.20253    0.06186 
   14700   -3.46913   -0.23755   -0.43775   -0.53969   -0.07329   -0.21118   -0.12354 
   14800   -2.98419    0.94858    0.24353    0.51811   -0.28294    1.26841   -0.12354 
   14900   -3.25342    0.17510    0.09628   -0.14690    0.04144    0.63134   -0.55441 
   15000   -2.56940   -0.15167    0.71319    0.12037   -0.38018   -0.41412    0.05614 
   15100   -2.80401    0.01918    0.40215   -0.09522    0.45333    0.16057   -0.42137 
   15200   -2.57129    0.06537   -0.45465   -0.55980    0.14308    0.31911   -0.11376 
   15300   -2.87343    0.75350    0.27247    0.16937   -0.76179    0.21735    0.93965 
   15400   -2.85150    1.07940   -0.14420   -0.47876   -0.11263    0.58717   -0.16356 
   15500   -3.08440    1.63997    0.41157   -0.50806   -0.17563   -1.06074   -0.16430 
   15600   -3.10667    0.77118   -0.28196   -0.68336   -0.83275    0.39320   -1.45694 
   15700   -3.18302   -0.72661   -1.12750   -1.00161    0.11121   -0.96274    0.10906 
   15800   -2.91795   -1.21923    0.21633    0.45689    0.23764    0.73826   -0.25160 
   15900   -2.49007    0.27156   -0.41373    0.04232   -0.20954    0.50228   -0.47042 
   16000   -2.59929    0.23052   -0.07206   -0.20953    0.38108    0.33728    0.24072 
   16100   -2.94965    0.41254    0.08792   -0.45255   -0.11041    1.25667   -0.05567 
   16200   -2.68920   -0.69191    0.31087   -0.98297    0.08026    0.00696    0.39407 
   16300   -3.02015    0.47892    0.91488   -1.13789    0.52555   -0.17814    0.09056 
   16400   -3.61563   -0.16866   -0.32420    0.17652   -0.76788   -1.08087    0.72015 
   16500   -2.69611    0.35000   -0.25661    0.30117    0.54448    0.41321   -0.52073 
   16600   -2.92978   -0.55029   -0.03379    0.93064   -0.35494   -0.19592   -0.12006 
   16700   -2.62819   -0.03980    0.10064   -0.73882   -0.00123   -0.22175    0.01109 
   16800   -3.46871   -0.35303    0.12772   -0.08288   -0.75554    0.75420   -0.27538 
   16900   -3.31856   -0.03784   -0.12995    0.04873   -0.33422   -0.59065   -0.23182 
   17000   -2.68326   -0.23976   -0.86612    0.21200   -0.18192    0.70136   -0.11835 
   17100   -3.54025    0.70477    0.82959    0.93782    0.11163    0.07702    0.02704 
   17200   -2.89561   -1.23832    0.64241    0.08838    0.28722    0.16819   -0.48872 
   17300   -2.89075    0.02780    0.60418   -0.76881    0.76491   -0.62010   -0.41787 
   17400   -3.07494   -1.12866    0.34139   -0.47423   -0.47901   -0.18564    0.30131 
   17500   -2.73871    0.32711   -0.16230   -0.69177   -0.05382   -0.23744    0.02708 
   17600   -3.07952    0.61626   -0.60563   -1.52894   -0.42366   -0.69811    0.17266 
   17700   -2.84646    0.19619   -0.07127    0.96115   -0.12867   -0.89078   -0.07317 
   17800   -2.91091    0.55501    0.32755   -0.43502   -0.05770    0.80880    1.02934 
   17900   -3.07291    0.30063   -1.02817    0.63044   -0.13686   -0.21940    1.04184 
   18000   -2.76256    0.03744   -0.13573    0.86532    0.51974   -0.44645   -0.61940 
   18100   -3.08474    0.03744   -0.10173   -0.01877    0.04477   -0.44068    0.99453 
   18200   -3.02128    0.14843   -0.95252    0.92446   -0.35611   -0.29877   -0.12164 
   18300   -2.88263    0.01309    0.79159   -0.23399    0.72963    0.33129    0.70216 
   18400   -2.70474   -0.47102   -0.69079   -0.31001    0.41120    0.54253   -0.36896 
   18500   -2.40741   -0.23540   -0.28735    0.07796    0.21491   -0.14504    0.02866 
   18600   -2.35512    0.11088    0.43115    0.53817   -0.07344   -0.20177   -0.04602 
   18700   -2.82497    0.65978    0.59125    0.52014    0.36216   -0.06827   -0.36105 
   18800   -2.97093    0.03731    0.28936    0.47490   -0.24306    0.13675    0.22933 
   18900   -2.72397    0.29915    0.51929   -0.51377   -0.81138   -0.41149    0.29642 
   19000   -3.23952   -0.11706   -0.08119   -0.70367    0.81796   -0.83190   -1.03785 
   19100   -3.26981   -0.15475    0.05923    0.03939   -0.11107    0.02994    0.06737 
   19200   -2.58652   -0.31456    0.35924    1.00717   -0.03482    0.02994   -0.19134 
   19300   -3.10025    0.81721    0.25697   -0.10492    0.05025    0.11983   -0.16729 
   19400   -2.73092    0.33766    0.38132   -0.28618   -0.24068    0.52696    0.03209 
   19500   -2.81855    0.35558   -0.29467    0.13767    0.20114    1.15170    0.40743 
   19600   -3.15147   -0.93486   -0.21614    0.50737    0.82552    1.88275   -0.38261 
   19700   -3.07711    1.19765   -0.40455    0.98714   -0.74789    0.63514    0.78818 
   19800   -2.43147    0.37763    0.08235    0.04200   -0.66808    0.20849   -0.20364 
   19900   -3.31706   -1.41134    0.30691    1.93815    1.64307   -0.32937   -0.50533 
   20000   -3.14676    0.91655    1.21821   -0.03444   -1.31642   -0.98821   -0.31520 
   20100   -3.49602   -0.62041   -0.21038   -0.65241   -1.66981    0.10052   -0.91828 
   20200   -2.82823   -0.17985   -0.06381    0.08563    0.03297   -0.76794   -0.30997 
   20300   -3.11099   -0.83072   -0.76023    0.51129   -0.04219    0.07573    0.27598 
   20400   -2.50267    0.27214   -0.24707    0.50072    0.27034    0.26431   -0.19769 
   20500   -2.69577   -0.20701    0.51966    0.12914    0.68949   -0.38574    0.57254 
   20600   -3.16237   -1.17608    0.82419    0.22624   -0.50758   -0.12578   -0.30165 
   20700   -3.13497   -0.14696   -0.00981   -0.63682   -1.33467    0.19946   -0.40347 
   20800   -2.80698   -0.71395    0.25409    0.22635    0.09936    0.60890    0.32242 
   20900   -2.66230    0.20408    0.70895   -0.27140    0.48067   -0.46461    0.32889 
   21000   -2.56651   -0.35591   -0.00624   -0.39472   -0.29882   -0.30445    0.43305 
   21100   -2.95257    0.55209   -0.68814    0.99883   -0.32733   -0.18103    0.03401 
   21200   -2.87369   -0.97409   -0.19035    0.79027    0.24609   -0.64597   -0.36848 
   21300   -3.00245   -0.32544    0.39753    0.36858   -0.10954    0.01788    0.86594 
   21400   -2.55848    0.04678    0.06937   -0.00616    0.27637   -0.94503    0.07055 
   21500   -2.40275   -0.19890    0.09838    0.09691    0.21747    0.16867    0.23386 
   21600   -3.49120    0.22687   -0.55883   -0.97710    0.20536   -0.12393   -0.44789 
   21700   -2.83729   -0.04614    0.18065   -0.50435    0.67977    0.48151   -0.17026 
   21800   -3.16644    0.37562   -0.54704    0.82793    0.06066   -1.41475    0.36213 
   21900   -3.14874   -1.00935    0.39838    1.19203   -0.49671    0.05190   -0.22079 
   22000   -2.84672    0.83680   -0.00254    0.09015   -0.33419   -0.72718    0.75392 
   22100   -2.84107   -0.59801    0.46499   -0.29343   -0.55704   -0.89435   -0.00409 
   22200   -2.93508   -1.16223   -0.23714    0.87252    0.77812   -0.34189   -0.04429 
   22300   -3.13089    0.31858   -0.45228   -0.25440   -1.50699   -1.13036    0.44283 
   22400   -2.35216   -0.44302   -0.07241    0.10275    0.01675    0.04805   -0.16432 
   22500   -3.23466    1.25825    0.04834    0.17581    0.33440    0.40355    0.05766 
   22600   -3.33568   -0.71436   -1.63109    0.51334   -0.43978   -0.42403   -0.34501 
   22700   -2.75985   -0.53269    0.02792   -0.30474   -0.43860   -0.35863    0.64929 
   22800   -2.71516   -0.51269    0.66433    0.14917    0.53044   -0.45245   -0.54461 
   22900   -3.44643    0.34765    0.65856   -0.55883    0.05620    0.04951   -0.00706 
   23000   -3.30412   -0.69012    0.85354   -0.27079   -1.90427   -0.87877    1.55939 
   23100   -2.47851   -0.16653   -0.14138   -0.36070    0.21465    0.00631   -0.10371 
   23200   -3.11541    1.05559   -0.25318   -1.08972   -0.05687   -0.64143   -0.24086 
   23300   -3.21051   -0.26018   -0.40323   -0.08531   -0.06934   -1.05444    0.75440 
   23400   -2.77364    0.00021   -1.07218    0.16073    0.20831    0.10631    0.19310 
   23500   -2.71254    0.12471    0.38953    0.17959   -0.75335   -0.24673    0.51778 
   23600   -2.74662    0.34068   -0.45785   -0.30258    0.12840    0.41362    1.00708 
   23700   -2.98226    0.75089    0.15951   -0.40017    0.01101    0.28492   -0.22035 
   23800   -2.76852   -0.00890    0.35280   -0.12955   -0.36769   -0.79075   -0.78267 
   23900   -2.85558    0.54662    0.91671    0.47389    0.40896   -0.19224   -0.21732 
   24000   -2.88917    0.49355    0.70502    0.55442   -1.08394   -0.47130   -0.09580 
   24100   -2.98347    0.02481   -0.19107    0.02881   -1.00246    0.25712    1.01804 
   24200   -2.93846   -0.67219    0.01010    0.17845   -0.34799    0.27949   -0.16877 
   24300   -2.34808   -0.05596    0.31234    0.25718    0.13362   -0.52193    0.00721 
   24400   -2.97337    0.38549    0.93203   -0.60192    0.08069   -1.28155   -0.27440 
   24500   -2.68281    0.36192   -0.70155    0.10059    0.43775    0.59230    0.11038 
   24600   -2.80219   -0.00653    0.20304    0.20183    0.32073    0.14362    0.20037 
   24700   -2.71346    0.21758    0.21352   -0.24200   -0.19993   -1.01221    0.81393 
   24800   -2.73064   -0.17682   -0.24011    1.09529   -0.32297   -0.07767   -0.41827 
   24900   -3.47800    0.59967    1.18682    0.94915    0.06757    0.41794    0.02926 
   25000   -2.76509   -0.66642    0.68806    0.60445    0.36731    0.21039   -0.43523 
   25100   -2.53580    0.02101   -0.35965   -0.61831   -0.29022    0.35540    0.03162 
   25200   -3.10814    0.01997   -0.35402   -0.88151    1.68902    0.84894    0.16923 
   25300   -2.60184    0.61623    0.32922    0.35864   -0.51683   -0.06316   -0.46615 
   25400   -3.11959   -0.36592   -0.35581    0.02108   -0.49515   -0.25272    1.20153 
   25500   -2.51543    0.15375    0.13510   -0.01915   -0.33839    0.33725   -0.08964 
   25600   -2.59872    0.03981   -0.75791   -0.02479    0.11287    0.70329   -0.13406 
   25700   -2.56547    0.16532    0.22290    0.33643    0.25664    0.10780   -0.12416 
   25800   -2.78237    0.09367   -0.73610   -0.17482    0.48465    1.02340    0.10897 
   25900   -2.37605   -0.00776   -0.07491    0.11800    0.11556   -0.17492   -0.07883 
   26000   -2.97503    0.48434   -0.61167    0.94354   -0.10248   -0.66646   -1.05123 
   26100   -2.31791   -0.17301   -0.04684    0.14952    0.52577    0.18969    0.09449 
   26200   -2.69420    0.06324    0.48169   -0.21203   -0.04182   -0.32633    1.01489 
   26300   -3.63595   -0.50424    0.29830    0.07475   -1.78074    1.03130    1.00854 
   26400   -2.76621    0.71039    0.13686    0.54081   -0.08398   -0.82430   -0.14566 
   26500   -3.20405    0.82422   -0.91893    1.70441    0.43023    0.28199   -0.04639 
   26600   -3.19221    0.59142   -0.31770    0.10488    0.73412   -0.20848    0.71129 
   26700   -3.13859    0.26380    0.13448    0.50420    0.29553   -0.10070    0.34414 
   26800   -2.65240    0.11308    0.73421   -0.06607   -0.48533    0.03615    0.05065 
   26900   -2.58271   -0.20317    0.14570    0.21583    0.21123    0.47719   -0.04341 
   27000   -3.24523    0.82421   -0.11303   -0.63828    0.50636    0.17570   -0.68678 
   27100   -3.30184   -0.11005   -0.02271    0.07527    0.97193    0.28891    1.90461 
   27200   -2.63151   -0.13310   -0.68783   -0.10319   -0.30313    0.04491    0.27715 
   27300   -3.09786   -0.09437    0.92284   -0.75653   -0.13612    0.32934    0.16332 
   27400   -3.06656   -0.33783    1.68806    0.87530    0.55647   -0.35072   -0.57256 
   27500   -2.59992    0.33424   -0.23472    0.73496   -0.07580    0.50600   -0.22059 
   27600   -2.68177   -0.39393    0.30169   -0.38657    0.12355   -0.09728   -0.28248 
   27700   -2.88662   -0.35491    0.06620   -1.82486    0.04302   -0.08065    0.08838 
   27800   -3.29022   -0.29314    1.78771    0.81251   -0.78573   -1.00718    1.80531 
   27900   -2.89703    0.76999    0.34103   -0.14676    0.26435   -0.13089   -0.51523 
   28000   -3.06904   -0.04616    0.00832   -0.05910    0.83624    0.11119   -0.82217 
   28100   -3.08278   -0.13741   -0.21926   -0.40698    0.07657   -0.29615   -0.33707 
   28200   -3.53594    1.41694    0.04805   -0.69009    0.61448    0.05124   -0.51498 
   28300   -2.66308    0.76137   -0.72239   -0.54185   -0.31928    0.05124    0.22507 
   28400   -3.15967    0.06783    0.24210   -0.07568   -0.86115    0.77334   -0.07743 
   28500   -2.48721   -0.30715   -0.21903   -0.59716   -0.10789    0.20218    0.44521 
   28600   -2.68771   -0.43345   -0.27524   -0.53844    0.58988   -0.25342   -0.22634 
   28700   -2.92249   -0.78204   -0.77506    0.94189    0.73837   -0.09251    0.00737 
   28800   -3.02802   -0.07809   -0.36409    0.98671   -1.17489    1.00353   -0.06418 
   28900   -2.62181    0.56613   -0.24298   -0.40944   -0.11008    0.10973    0.72187 
   29000   -2.96305    0.03814    0.13091   -0.49056    0.36104   -0.21560   -0.50627 
   29100   -3.51574    1.10642   -1.30523    2.53749    0.39307    0.31600    0.35606 
   29200   -3.57486   -0.47141   -0.36118   -0.03715   -1.14893   -0.91378   -0.42701 
   29300   -2.46223    0.14669   -0.26827   -0.64183    0.14480    0.01669    0.42536 
   29400   -2.73303   -0.09768    0.01897   -0.17819   -0.27362    0.34837    0.00464 
   29500   -2.28618    0.17503    0.00917    0.31711   -0.06597   -0.25283   -0.42771 
   29600   -2.97419    0.05618    0.72637   -0.13122    0.27604    0.14452   -0.16977 
   29700   -3.21563    0.09464    0.20520    0.21166   -0.31760    0.38432    0.64318 
   29800   -2.93047    0.42972   -0.38426   -0.11800   -0.00775   -0.41293   -0.06717 
   29900   -2.62431    0.34381    0.14468    0.41552    0.14330    0.09543   -0.85643 
   30000   -3.20056   -0.98411   -1.43950    0.21619    0.03134   -0.04319    0.30074 
   30100   -2.76280   -0.79169   -0.08518    0.69002   -0.11906    0.42728   -0.31316 
   30200   -2.88028   -0.27162   -0.39563    0.19550   -0.80629   -0.02554   -0.27257 
   30300   -3.42751    0.01739   -0.00177   -0.07775    0.25318   -0.32275   -0.50012 
   30400   -2.67175   -0.17590    0.34086    0.53803    0.47766    0.47758   -0.38110 
   30500   -2.35959    0.22584    0.71832   -0.09010    0.02983   -0.23339    0.03525 
   30600   -2.79845   -0.15411    0.62069    0.24715   -0.64844    0.17228   -0.61244 
   30700   -2.65577   -0.07691   -0.13614   -0.34579    0.37317    0.29610   -0.32469 
   30800   -3.17382   -0.41510   -1.11047    0.34396    0.15767   -0.40378   -0.16936 
   30900   -2.99476    0.53001    0.57920    0.26860    0.65342   -0.06130    0.70431 
   31000   -3.20667    1.68003    0.05514    0.52686    0.31244    0.48799   -0.25938 
   31100   -3.04424    1.07910    0.43852   -0.76407    0.01063    0.36715    1.31461 
   31200   -3.05111    0.16448   -0.24419    0.38156    1.17450   -0.53114   -1.10909 
   31300   -3.05698   -0.15028   -0.45540   -0.83061    0.21614   -0.60801   -0.28149 
   31400   -2.86294   -0.07201    0.42411    0.09228    0.09021    0.40632   -0.84646 
   31500   -2.78249    0.52827    0.31921   -0.90867    0.23139   -0.56930    0.30260 
   31600   -2.96617    0.18831    0.69744    0.36550    0.87566    0.51668   -0.61748 
   31700   -3.01516    1.36688    0.69864    0.83265    0.02971   -0.16297   -0.75340 
   31800   -2.55816    0.12815   -0.40056    0.30819    0.28896   -0.16784   -0.40770 
   31900   -2.56595   -0.53612   -0.27167    0.04989   -0.03626    0.28505    0.39130 
   32000   -2.52372   -0.31234   -0.03766   -0.69951    0.34805    0.20039    0.09489 
   32100   -2.82927    0.49912    0.41517   -0.78444   -0.45904    0.31495   -0.16549 
   32200   -2.60458   -0.07388   -0.27577   -0.25787    0.74460   -0.10637    0.27333 
   32300   -2.95261   -0.69239    0.28724   -0.99159   -0.66238   -0.31133    0.86256 
   32400   -3.13535    1.08260   -0.57201    0.57381    0.11527   -0.29078    0.80979 
   32500   -2.93742   -1.23986    0.13598   -0.08912   -0.15926   -0.43681    0.64025 
   32600   -2.32748    0.07122    0.36804    0.51968   -0.07622   -0.24987   -0.20730 
   32700   -3.24819    0.35949   -0.78453    0.45816    0.99407   -0.54472    0.74903 
   32800   -2.83030    0.22142    0.46941   -1.17296    0.39992   -0.20813    0.55189 
   32900   -2.62693   -0.26412    0.40600    0.11628    0.21856   -1.00562   -0.09228 
   33000   -2.50552    0.29886    0.16978   -0.37667    0.26377   -0.23667    0.14496 
   33100   -2.55760   -0.26050    0.39519   -0.09837    0.15061   -0.24605    0.71991 
   33200   -2.65227   -0.98924    0.06959    0.18163    0.24296   -0.29803    0.14627 
   33300   -2.98474    0.23303   -0.74475   -0.20331    0.60398   -0.55038    0.40719 
   33400   -2.77733    0.16774    0.66576    0.31886   -0.81747    0.10574    0.23669 
   33500   -3.52992    1.05405    0.65441    0.87934    0.25768    0.08075    0.40775 
   33600   -3.14381   -0.15767   -0.31738    0.27435    1.74866   -0.64839   -1.32008 
   33700   -3.00735   -0.15793    0.71667    0.87386   -0.24778    0.18221   -0.09557 
   33800   -2.79134    0.34837   -0.18250   -0.12426    0.39925    0.31150   -0.24739 
   33900   -2.63070   -0.72376    0.02602    0.07049    0.33703    0.32858    0.48648 
   34000   -2.97079   -0.52282    1.07278    1.11275   -0.15117   -0.66979   -0.48480 
   34100   -2.84032    0.66650   -0.53973    0.51965   -0.46994   -0.55299    0.14216 
   34200   -3.13754    0.67864   -0.91455    0.76289   -0.25977   -0.22890    0.49547 
   34300   -2.90132    0.09289   -1.58413    0.53678    0.25367    0.40183    0.01671 
   34400   -2.75900    0.01468   -0.30534    0.50135    0.48507   -0.09628    0.18307 
   34500   -3.03271   -0.32819   -0.30193    0.09454   -0.17876   -0.00670    0.14503 
   34600   -2.71827    0.46544    0.39370   -0.76781   -0.61314   -0.26180   -0.05170 
   34700   -2.54485    0.18639    0.33144   -0.28651    0.08953    0.27580    0.37102 
   34800   -3.06981   -0.31098    0.19868    1.30437    1.27070   -0.46577   -0.68032 
   34900   -3.35355   -0.24801   -0.15825   -0.27975   -0.14160    0.36428   -1.54736 
   35000   -2.92308    0.23993    0.25426   -0.29089    0.47134   -0.26533   -0.48031 
   35100   -3.19343    0.07012   -0.38042    0.23576   -0.04994   -0.31026    0.82102 
   35200   -2.94234   -0.44329   -0.19254   -0.96752    1.18122    0.46957    0.05557 
   35300   -2.91890   -0.14034    0.44807    0.13689    0.55853    0.16280    0.89567 
   35400   -2.98435    0.04463   -0.55565   -0.21061   -1.26749    0.41894    1.10051 
   35500   -2.82766    0.43119   -0.66033   -0.70567    0.62939    0.46761    0.18187 
   35600   -3.37397    0.17827    0.10654   -0.27416    0.51352   -0.18313   -0.70848 
   35700   -2.84602    0.14410   -0.29937   -0.14750   -0.55027   -0.62123    0.52438 
   35800   -3.21864    0.63838    1.44641    0.98504    0.68454   -0.90401   -1.31475 
   35900   -2.71756   -0.37626    0.23789    0.06544    0.10372    0.37760   -0.71606 
   36000   -2.55124    0.36607   -0.53774   -0.17495   -0.06250    0.65120   -0.13533 
   36100   -2.73116    0.68943   -0.02811    0.19127   -0.43730    0.85188    0.01302 
   36200   -2.73208    0.03287    0.01251    0.03631   -0.90702    0.71605   -0.84532 
   36300   -2.82575   -0.24102    0.72110   -0.13500   -0.27132   -0.66554    0.95032 
   36400   -2.92743   -0.24102    0.52035    0.28921    0.24413    0.83958   -0.70237 
   36500   -2.59037   -0.84962   -0.03607   -0.19134    0.09415    0.00038    0.33276 
   36600   -2.38460   -0.21852   -0.48293    0.25787    0.21537    0.33181    0.10823 
   36700   -3.06963    0.92355   -1.32819   -0.16614   -0.42431   -0.44999    0.86138 
   36800   -2.93069   -0.48846    0.46699   -0.85283   -0.37827   -1.08074   -0.16510 
   36900   -2.68000    0.50321    0.58737   -0.24869   -0.27831    0.25177    0.16188 
   37000   -2.71933   -0.51704    0.46130    0.19341   -0.08355   -0.01077   -0.18673 
   37100   -3.26746   -1.16437    0.42588   -0.88719   -0.54778    0.55384    0.01809 
   37200   -3.20951   -0.37648   -0.64290   -0.37833    0.90166   -0.23607    2.30488 
   37300   -2.62902   -0.16839   -1.20328   -0.37707    0.07282    0.16930    0.13804 
   37400   -2.78440    0.64638   -0.19048    0.13248   -0.10940    0.83094   -0.70759 
   37500   -3.09058    0.63443    0.72052   -0.45004    0.25950    0.18358    0.21524 
   37600   -2.47198   -0.10160    0.02125    0.73760   -0.19985    0.12019   -0.25950 
   37700   -3.19802    0.00227   -0.36402    1.34305   -0.50550   -0.47402    0.54001 
   37800   -3.13691    0.74617   -1.37069    0.39116    1.40795    0.14335   -0.63791 
   37900   -3.26983   -0.65007    0.23486   -0.04758   -0.11387    0.15835   -0.09355 
   38000   -2.84754    0.69859   -0.43303   -0.87089   -0.59674   -0.12621    0.65535 
   38100   -2.57205   -0.45296   -0.25726    0.00616    0.33002    0.38396    0.60873 
   38200   -2.54733    0.30570   -0.16157    0.01210   -0.46465    0.84213   -0.09978 
   38300   -2.72908    0.12507    0.17148    0.38077    0.11907   -0.88588    0.22524 
   38400   -2.78535   -1.19080   -0.31564   -0.27388    0.40317    0.34239   -0.24459 
   38500   -2.75605    0.41931    0.10721    0.00844    0.09974   -0.06856    0.16571 
   38600   -2.43584   -0.23565    0.11134    0.35148    0.60670   -0.21082   -0.23876 
   38700   -2.58545    0.51546   -0.10840    0.30021   -0.61039    0.06238    0.36811 
   38800   -2.90302    0.20578    0.29550   -0.24195   -0.99382    0.39987   -0.44849 
   38900   -3.05124   -0.53133    0.17201   -0.25496   -0.13353    1.18281   -0.24334 
   39000   -2.73294    0.29035    0.71328    0.23874   -0.57010    0.02194    0.44262 
   39100   -3.06625   -1.62380    0.83278    0.20638    0.15296    0.18006   -0.21331 
   39200   -3.07615    0.25947    0.31880    0.48710   -0.03955    0.00706    0.33858 
   39300   -2.58553   -0.16793   -0.14087    0.27541   -0.10143   -0.46087   -0.22215 
   39400   -3.09102   -0.55015   -0.16909   -0.87754   -0.00081   -0.27699   -0.09613 
   39500   -2.72174   -0.41059   -0.33896    0.51339   -0.48460    0.62976   -0.23246 
   39600   -2.97576   -0.32172    0.33245   -0.85731   -0.87665    0.22200    1.15216 
   39700   -3.07730   -0.15689   -0.42734    0.08236    0.22699   -0.66938   -0.00621 
   39800   -2.95812   -0.40803   -0.06893    1.29414   -0.35216    0.78974   -0.13787 
   39900   -2.71501    0.19170    0.45982   -0.18784   -0.04124   -0.00054   -0.25900 
   40000   -2.71065    0.22161    0.05164   -0.58215   -0.10458   -0.28952    1.06705 
   40100   -2.83308    0.39092   -0.14100    0.61117    0.02208   -0.45295   -1.17874 
   40200   -2.66172    0.62790   -0.40432   -0.22902    0.19113    0.39261   -0.01613 
   40300   -3.01164   -0.46910    0.97768   -0.21306   -0.17836   -0.37797   -1.34167 
   40400   -2.79372    0.15705    0.14245   -0.00037    0.51428   -0.67401    0.40179 
   40500   -2.86329    0.67318    0.84144   -0.63554   -0.03644   -0.77916    0.41791 
   40600   -2.82547   -0.35560   -1.06717    0.13000    0.69815    0.55303    0.03048 
   40700   -3.14060    0.83789   -1.11760    0.28740    0.20272   -0.62237   -0.53691 
   40800   -3.12245    0.02157    0.80902    0.10653   -0.04801    0.69835   -0.29221 
   40900   -2.98659   -0.41636    0.43230    1.08172   -0.30511    0.13311   -0.11954 
   41000   -2.91670    0.11813   -0.37847    0.33969    0.73256   -0.41949   -0.10220 
   41100   -2.40716   -0.03912   -0.56105   -0.43076    0.01571    0.25397    0.31599 
   41200   -2.41202   -0.13358    0.20885    0.60824   -0.13750    0.00490   -0.38526 
   41300   -3.00466    0.63089    0.29931    0.00801    0.72504   -0.14959    0.57850 
   41400   -2.86428    0.19113   -1.06935    0.33815   -0.51907    0.26106    0.60351 
   41500   -3.13932    0.45327    0.03345    0.32213    0.28780   -1.75357    0.13442 
   41600   -2.53750   -0.07740    0.06651   -0.26117   -0.14145    0.15396    0.01102 
   41700   -2.25059    0.10078   -0.15481   -0.29240    0.08004    0.00778    0.44173 
   41800   -3.59411    0.14292    0.46594    0.23687    1.24113    1.96440   -0.00520 
   41900   -3.04712   -0.10618   -0.02965    1.50882   -0.83745   -0.69553    0.03262 
   42000   -3.08680   -1.01466    1.55867   -0.84889   -0.31044   -0.50100    0.09190 
   42100   -2.58274   -0.27086    0.50873   -0.04601    0.59463   -0.12850   -0.41048 
   42200   -2.99924   -0.93234    0.01300    0.06193   -0.39768   -0.93419   -0.84306 
   42300   -2.44612   -0.46360    0.20031    0.28327    0.12576   -0.43321    0.03230 
   42400   -3.09331    0.17231   -0.19796    0.29489    1.05927    0.42842    0.32440 
   42500   -3.57168   -0.13432    0.08545    0.26759   -0.83089   -0.19973    1.32496 
   42600   -2.66985   -0.28714    0.61219   -0.54505    0.25246   -0.65142    0.34227 
   42700   -3.16366    0.41816    0.09210   -0.01486    0.80996   -0.90293   -0.54784 
   42800   -2.66770    0.71581   -0.14660    0.16225   -0.24914    0.56277   -0.51638 
   42900   -2.72560   -0.54626    0.37821    0.30289    0.13030   -0.96566   -0.14476 
   43000   -2.96906    0.12015   -0.39607   -0.99944    0.26822   -0.45914    0.01174 
   43100   -3.10521    0.37987    1.47169    0.85555    0.60806   -0.92925   -0.61588 
   43200   -2.82325    0.53093   -0.49078    0.14313   -0.10778   -0.35310    0.57246 
   43300   -2.71218    0.30468   -0.25510   -0.88677    0.09497   -0.10992    0.12622 
   43400   -3.07899   -0.26049   -0.13521   -0.03330   -0.41592   -0.34553    0.93866 
   43500   -3.23024   -0.02081   -0.18303   -0.39757   -0.97455   -1.67704    0.48150 
   43600   -3.17291   -0.40237    1.20001    0.22026    0.04116    0.13115    0.33406 
   43700   -2.73040    0.77811    0.18009   -0.30275    0.20134   -0.22605    0.59293 
   43800   -2.90785    0.64452   -1.01849   -0.18551   -0.28558    0.03860   -0.79596 
   43900   -2.85785   -1.02605    0.35663    0.42688    0.51099   -0.78430   -0.13967 
   44000   -2.71692   -0.12933    0.27537    0.60676    0.82696    0.23907   -0.34388 
   44100   -2.32532    0.48698   -0.24136    0.16686   -0.25651   -0.01845    0.09352 
   44200   -2.78491    0.23942   -0.10253    0.25243   -0.39846   -0.92033   -0.16631 
   44300   -3.15986    1.16631    0.06406    0.80953    0.01608   -0.23965    0.13840 
   44400   -3.12240   -0.03631    0.35785    2.16022   -0.07435    0.02088   -0.88832 
   44500   -2.87208   -0.38823   -0.42023    0.12374    0.61524   -0.83504   -0.22099 
   44600   -2.85374   -0.63260    0.46386    0.62974    0.86015    0.30253    0.34118 
   44700   -2.91527    0.79798    0.98927   -0.37239    0.47677   -0.50925    0.04907 
   44800   -2.46693   -0.51400    0.66976   -0.01573    0.16697   -0.07535    0.13185 
   44900   -2.88233   -0.27610    0.26932   -0.06125    0.85636   -0.26122   -1.14537 
   45000   -3.25960   -0.30691    0.50343    0.26853   -0.05455    1.51224   -1.36400 
   45100   -2.27313   -0.19528   -0.57511   -0.17918    0.14086    0.11431    0.02676 
   45200   -2.64550    0.25927   -0.02688   -0.43465    0.44005    0.43906    0.58567 
   45300   -2.80570   -0.38543    0.25759   -0.29093   -0.65656   -0.68792    0.15223 
   45400   -2.60975    0.31691    0.31465    0.07744   -0.77491    0.28201    0.08733 
   45500   -3.01396   -0.77603    0.00479   -1.37403    0.26476   -0.44902   -0.09036 
   45600   -2.90456   -0.23845   -0.02749    0.00838   -0.00860   -0.89559    0.36721 
   45700   -2.91620    0.14958   -0.46404    0.01400    1.06878    0.55546    0.58662 
   45800   -2.81961    0.92523    0.31158   -0.00652   -0.49865    0.27436    0.76707 
   45900   -2.74622   -0.01727   -0.44017   -0.28780    0.52613   -0.15317    0.91176 
   46000   -2.37474   -0.36826    0.08847    0.27814    0.31174   -0.36161    0.02011 
   46100   -2.62553    0.61994   -0.30509    0.48005   -0.12440   -0.25829   -0.18845 
   46200   -2.88543   -0.90599   -0.63811   -0.01491   -0.09142   -0.01961    0.73184 
   46300   -3.07315    0.09725    0.01467    0.04453   -1.78605    0.80363   -1.69603 
   46400   -2.35101    0.07736    0.01627    0.03610    0.03048   -0.18813   -0.40986 
   46500   -2.79887   -0.03675    0.39605    0.36239    0.15164   -0.20271    0.64869 
   46600   -2.37253   -0.65523    0.04885   -0.30625    0.22392   -0.14780    0.11962 
   46700   -2.72553   -0.16320    0.30691   -0.19316   -0.16459    0.39699    0.65417 
   46800   -2.95677   -0.18149   -0.26005   -1.37813   -0.08558   -0.26508    0.98733 
   46900   -2.77708   -0.66377   -0.39608    0.41756    0.22628   -0.09212    0.33639 
   47000   -2.96653    0.30259    0.17105   -0.94029   -0.17488   -0.62485   -0.67338 
   47100   -3.44743   -0.86916   -0.26303   -0.58104   -0.02921   -0.03815   -0.09926 
   47200   -2.37134    0.25255   -0.19906   -0.28277   -0.40549    0.15460   -0.13306 
   47300   -3.18932    1.92282   -0.26765   -1.65378   -0.49551   -0.26593    0.59056 
   47400   -3.45368   -0.27151    0.55923   -1.41785    0.17808    0.07499   -0.36932 
   47500   -2.73807    0.52710    0.00424   -0.86760   -0.26964   -0.30457    0.67162 
   47600   -2.87860    1.01458   -0.13061   -0.18738   -0.97144    0.17840    0.59876 
   47700   -2.89632    0.17974    0.22731   -0.29462   -0.42532    0.78048    1.17953 
   47800   -3.08850   -0.46942    1.06422   -0.44570   -0.50244    0.02007   -0.03409 
   47900   -2.69567   -0.91979    0.00781    0.31073    0.45166   -0.35158    0.24698 
   48000   -2.48834   -0.01179    0.50074   -0.46875    0.24621   -0.43517    0.23632 
   48100   -2.70408   -0.77161    0.43526   -0.31554    0.37864   -0.61603   -0.15341 
   48200   -2.97375    0.40602   -0.71917   -0.73458    0.15182   -0.43691    0.24808 
   48300   -2.83782   -0.69446    0.42386    0.00828   -0.56371   -0.44423    0.14052 
   48400   -2.72373    0.43852   -0.83864    0.61879   -0.02821   -0.04169   -0.37547 
   48500   -2.88777    0.41923    0.77090   -0.13505   -0.33377    0.35235   -0.80736 
   48600   -2.95157   -0.29210   -1.10633    0.66508   -0.46595    0.97114    0.06517 
   48700   -2.64615    0.01154    0.28242   -0.11581    0.65765   -0.80834   -0.21371 
   48800   -2.91339    0.09061   -0.46329    0.66443    0.31801   -0.42394   -0.00949 
   48900   -2.93475   -0.07524    0.40332    0.42456    0.66638    0.84371   -0.80122 
   49000   -2.73729    0.57158   -0.60405   -0.62244    0.11976   -0.06743    0.36440 
   49100   -2.75331   -0.00436   -0.15899    0.13014    0.28211   -0.43956   -0.35803 
   49200   -2.74929    0.04909   -0.64314   -0.38001   -0.09214   -0.42380    0.50350 
   49300   -2.88615    0.37572    0.30416    0.19629   -0.07624    0.10220    0.87405 
   49400   -2.87152   -0.06021    0.41617   -0.17160    1.18951   -1.04978    0.17993 
   49500   -3.19479    1.50023    0.48964    0.95048   -1.05620    1.28880    0.12565 
   49600   -2.79031   -1.14991    0.06844   -0.21004    0.71911   -0.02825   -0.23614 
   49700   -2.98748    0.28990   -0.01638   -0.64434    0.28196    1.06163   -0.39577 
   49800   -3.08283    0.12753   -0.47092   -1.16150   -1.39439    0.38000    0.81002 
   49900   -2.69246   -0.84878   -0.50179    0.24494    0.47084    0.36113    0.24251 
   50000   -2.84618    0.65044   -0.28614    0.54246    0.05391   -0.72147   -0.10949 
   50100   -2.87851    0.99358   -0.54462    0.64732    0.17707    0.49491   -0.10964 
   50200   -2.56894   -0.17048    0.31661    0.57056    0.44796   -0.47607   -0.28640 
   50300   -2.67594   -0.07068    0.04514   -0.09323    0.02574   -0.74014   -0.19065 
   50400   -3.25926    1.01643   -1.99943    0.52892    0.39756   -0.45709   -1.24063 
   50500   -2.39495   -0.29000   -0.64822   -0.07273   -0.07471    0.16953    0.03468 
   50600   -2.90229    0.08532   -0.07739   -1.32337   -0.70780    0.01900    0.14267 
   50700   -2.68761    0.28763   -0.90848   -0.03183    0.02065    0.47737   -0.45192 
   50800   -2.95722    0.39156    0.45721   -0.89389   -0.58549    0.68950   -0.35003 
   50900   -2.63438   -0.09115   -0.18947   -0.38086   -0.55868    0.56623    0.60802 
   51000   -3.05545    0.24879    0.41229    0.37305    0.41473    0.98268   -0.38649 
   51100   -2.87675    0.26350   -0.86665    0.14414   -0.28492   -0.46002   -0.68562 
   51200   -2.68805   -0.02897   -0.46138    0.11697    0.32587    0.29086    0.72712 
   51300   -2.05813   -0.24813    0.05448    0.04238    0.29672   -0.13793   -0.05612 
   51400   -2.68501   -0.19451   -0.43644   -0.84759    0.20637    0.57333    0.11496 
   51500   -2.90860    0.36734    0.05567   -0.26545   -1.00589   -0.92422   -0.59365 
   51600   -2.56300    0.72116    0.69332    0.16536   -0.12457   -0.27388    0.09757 
   51700   -2.64688   -0.14312   -0.16135   -0.40431    0.54377   -0.57099    0.36319 
   51800   -2.29696   -0.17487    0.04100   -0.02566    0.49868    0.30376   -0.03817 
   51900   -3.00423    1.17260   -0.67260   -0.27259   -0.12546   -0.20244   -0.68381 
   52000   -2.86523   -0.13318   -0.76294   -0.19355    1.01019    0.79338   -0.20656 
   52100   -2.96019    0.35069   -0.14119   -0.48491   -0.18943   -0.07318   -0.75914 
   52200   -2.78276    0.15202    0.21270    0.12670   -1.38131   -0.60910   -0.24224 
   52300   -2.69035    0.21795    0.03378   -0.49477    0.55871   -0.13257    0.82210 
   52400   -2.53074   -0.09473   -0.32324   -0.59521   -0.00285    0.10119    0.64653 
   52500   -2.88808   -0.33405   -0.42980   -0.32112    0.16461   -0.87729    0.50439 
   52600   -2.80536   -0.23432   -0.93115   -0.79051   -0.29504    0.39698   -0.04162 
   52700   -3.18793    1.07662   -0.25425   -1.46384   -0.42819   -0.28703   -0.57138 
   52800   -2.96314    0.10406   -1.07237   -0.11647   -0.16172   -0.31542   -0.83554 
   52900   -3.02229    0.42901    0.56774   -0.58272   -1.14926   -0.08474   -0.97468 
   53000   -2.81788    0.42215    0.33623    0.01785   -0.04568    0.30174   -0.06168 
   53100   -2.87540    0.20626    0.93585    0.35923    0.58935   -0.01968    0.05323 
   53200   -3.04059    0.00627   -0.78639    0.74133   -0.10633   -0.01968    0.00567 
   53300   -2.94543    0.88681    0.00624   -0.36240    0.61077   -0.11269    0.45513 
   53400   -2.64891   -0.40990   -0.69109    0.06064   -0.16486    0.23568    0.35709 
   53500   -2.76171   -1.14764   -0.14850    0.24055    0.45228    0.36382   -0.30059 
   53600   -3.03139    0.10563   -1.13741    1.78610   -0.14712    0.33519   -0.09284 
   53700   -2.88103    0.28352   -0.34716   -1.48710    0.00590   -0.22667    0.23901 
   53800   -2.35998    0.19894   -0.17067    0.26784   -0.48431    0.31141   -0.29977 
   53900   -3.20701   -0.54539   -0.04413   -0.77639    0.04881   -1.83223   -0.71091 
   54000   -2.88492   -0.22785   -0.21581    0.24877    0.83510   -0.31322    0.61938 
   54100   -2.61952   -0.14506    0.29742   -0.05183    0.32861   -0.91347    0.63053 
   54200   -2.69463    0.35429    0.59847    1.13409   -0.02565    0.02947   -0.08787 
   54300   -2.94834   -0.79794   -0.83243    0.14046    0.04982   -0.21162    0.69634 
   54400   -2.87088    0.12099    0.11678   -0.24079    0.20500    0.21600   -0.06467 
   54500   -2.62623   -0.45079   -0.67391    0.14500   -0.16669    0.49757    0.23496 
   54600   -3.09602   -0.70643    0.74170   -0.34817   -0.82684    0.65331    0.44003 
   54700   -3.16583   -0.99003    0.07148    1.17372   -0.07867    0.03649   -0.05317 
   54800   -2.93152   -0.13974   -1.14664   -0.22735    0.41473   -0.06633   -0.19992 
   54900   -2.54453    0.14061   -0.48489    0.24072   -0.64287    0.22890   -0.23410 
   55000   -2.94099    0.83519   -0.74617   -0.18785   -0.23450   -0.36862   -0.31678 
   55100   -2.45387   -0.24196   -0.19245   -0.64772    0.30306   -0.08946    0.21268 
   55200   -3.36214    0.03868    0.08502   -0.18908   -0.34014    0.51788   -0.60805 
   55300   -2.56033    0.01147   -0.25879    0.17276    0.28031   -0.24909   -0.28461 
   55400   -2.74745    0.33322   -0.31050    0.16236    0.28809    0.14427    0.36990 
   55500   -2.93966    0.10724    0.02149   -0.28997   -0.20089    1.37615    1.01425 
   55600   -3.44848   -0.11684    0.59872   -0.09656   -0.12957    0.44809   -0.01114 
   55700   -3.33179   -2.13065    1.10753    1.35674    0.56415    1.23959   -0.10086 
   55800   -2.85579   -0.43431    0.09691   -0.55939    1.10568   -0.71785    0.34777 
   55900   -2.97536    0.18381   -0.17049    0.03991    0.32708    1.01652    1.04022 
   56000   -3.15175   -0.67969    1.50811   -1.42722   -0.36268   -0.87275    0.13909 
   56100   -2.84348   -0.29188    1.74347    0.69620    0.06206   -0.09520   -0.05442 
   56200   -2.58869    0.20404   -0.24001   -0.01093   -0.93218    0.65400    0.06306 
   56300   -2.28249   -0.00583   -0.08326    0.18548   -0.01344    0.46012   -0.05683 
   56400   -2.79781   -0.30096   -0.62935    0.72649    0.06847    0.34234    0.29702 
   56500   -3.06956   -0.56032   -1.10951   -0.79949   -0.59836   -0.25117    1.21101 
   56600   -2.31317    0.42615    0.01270   -0.35737   -0.12647    0.00301   -0.03086 
   56700   -2.96768    0.25115   -1.28574    1.14179    0.26863    0.06626   -0.26017 
   56800   -2.97155   -0.69795    0.57577   -0.20444    1.41531   -0.52674   -0.36126 
   56900   -2.81936   -0.31077    0.60586   -0.75884   -0.59174    0.12550    0.38680 
   57000   -2.87044   -0.65333    1.43019    0.50436    0.26026   -0.11167    0.02225 
   57100   -2.88826   -0.17635    0.85600   -0.56895    0.39511    0.46103    0.29021 
   57200   -3.04090    0.93338    1.37160    0.06153    0.04227   -0.09006    0.22005 
   57300   -2.62217   -0.49930    0.34077   -0.17007    0.02066   -0.64635    0.50149 
   57400   -3.13672   -0.05794    0.00578   -0.07304    0.28593   -0.55090   -0.72472 
   57500   -2.80163   -0.27762   -0.33290   -0.26471   -0.11384   -0.20638    0.13863 
   57600   -3.50549    0.64550    0.32769   -0.32593    0.31270    0.07358   -0.12078 
   57700   -3.03738    1.12523   -0.04199    0.06764    0.06224   -0.22904   -0.09927 
   57800   -2.57433    0.37069    0.48279    0.17633    0.00344   -0.61887   -0.43514 
   57900   -2.66661    0.50887   -0.73444    0.29659   -0.30712    0.01394   -0.48900 
   58000   -2.96725   -1.03376    0.30182   -0.33305   -0.52337   -0.61048    0.89823 
   58100   -2.78527    0.03162   -0.10144    0.47888    0.23469   -0.22979    0.12175 
   58200   -2.44582    0.15658   -0.39519    0.41402   -0.01246    0.07114   -0.53522 
   58300   -2.78451   -0.12888    0.35950    0.13798   -0.26866    0.19487   -0.13420 
   58400   -2.62059   -0.01389    0.19451    0.61841   -0.63161   -0.01594   -0.44849 
   58500   -2.99287    1.74815    1.38243    0.26471   -0.04760   -0.12620   -0.05876 
   58600   -3.06355   -0.59677   -0.32981    0.19839   -0.97515    1.17779    0.08179 
   58700   -2.88992    0.93497   -0.31876   -0.73007   -0.07224    0.62538    0.73734 
   58800   -3.22442    0.24998   -0.01994    0.16274   -0.02914   -1.96626    0.14001 
   58900   -2.48661   -0.18626    0.03158   -0.60131   -0.29942   -0.07954    0.41694 
   59000   -2.69730   -0.07347   -0.59351    0.04594    0.38439    0.20616    0.74504 
   59100   -2.69233    0.02350   -0.66362   -0.03933    0.24908    0.35965   -0.74434 
   59200   -2.57976   -0.12407    0.17635   -0.04600    0.37661   -0.75890   -0.57233 
   59300   -3.14419    1.48174   -0.58237   -1.17757   -1.08199   -0.20082   -0.38990 
   59400   -2.87600   -0.19068    0.02855    0.28571    1.08746   -0.46670    0.46814 
   59500   -2.94529   -0.43174   -0.61393   -0.43830    0.48508    1.31188   -0.47886 
   59600   -3.28038   -0.88806    0.76326   -0.17202   -0.21428   -0.04941    0.00580 
   59700   -3.26596   -0.50014    0.42173    0.07583    0.46633    1.83943    0.04591 
   59800   -2.73480   -0.42163   -0.17212    0.25687   -0.21914    0.49790    0.36304 
   59900   -2.36639   -0.12588    0.36882   -0.27319    0.30741   -0.10185    0.38625 
   60000   -2.84765    0.00339   -0.96822   -0.55809    0.30344    0.67864   -0.48109 
   60100   -3.03417   -0.33357   -0.15512    0.12909    1.57005    1.28592    0.73027 
   60200   -3.14738    0.02863    0.02024    0.13881    1.77479    0.18763   -0.62361 
   60300   -2.94072   -0.36482    0.01069    0.27121    0.29510   -1.37675    0.08965 
   60400   -2.98810    0.27920   -1.66029    1.17184    0.12220    0.24831   -0.32240 
   60500   -2.44415    0.55884   -0.02008    0.21924   -0.19046    0.29926   -0.31695 
   60600   -2.14005   -0.18908    0.05963    0.02272    0.37291   -0.24505    0.11662 
   60700   -3.13932    0.37440    0.01964   -0.16440    0.20856   -0.01520   -1.06048 
   60800   -2.95984   -0.60652    0.22992   -0.60917    0.97580   -1.13799    0.33628 
   60900   -2.75918    0.32593    0.36350    0.21719    0.14182    0.32817   -0.25708 
   61000   -2.66684   -0.80079    0.05191   -0.35418    0.53529   -0.41100   -0.14530 
   61100   -3.45855   -0.11319    0.02080    0.22757   -0.05358   -0.44368    1.16011 
   61200   -3.12658    0.34660    0.73792    0.57044    0.14112    0.44414   -0.11315 
   61300   -2.48633    0.51628    0.17915   -0.16998   -0.21336    0.13735    0.49310 
   61400   -2.72775   -0.58423    0.39955   -0.06279    0.28973    0.35919    0.67938 
   61500   -2.72685   -0.82625   -0.08658   -0.36409    0.36304   -0.58361    0.38572 
   61600   -2.96606    0.27259    0.34527    0.53279    0.37109   -0.81683    0.78406 
   61700   -2.83239   -0.77514   -0.04052    0.68859    0.41542    0.83011   -0.04511 
   61800   -2.96306   -0.05571   -0.01751    0.13810    0.87979   -0.82624    0.19403 
   61900   -2.60264    0.21195   -0.45052   -0.36499   -0.15961    0.09684   -0.20054 
   62000   -3.06688    1.59161   -0.63546    0.03348    0.19559    0.68993    0.45716 
   62100   -2.77828    0.68483    0.00394   -0.52038    0.27662   -0.54437    0.24914 
   62200   -2.49764    0.43790    0.12859   -0.13895   -0.61911   -0.35568   -0.23087 
   62300   -2.85593    0.33292   -0.22084   -0.04101    0.35965    0.03028   -0.36595 
   62400   -2.98117   -0.45506    0.75502   -0.77546    0.45307   -1.17358    0.50748 
   62500   -2.57266   -0.00120    0.28141   -0.14063   -0.08819    0.01047   -0.00137 
   62600   -2.51260   -0.14723   -0.22219    0.13603    0.00533    0.58722    0.37977 
   62700   -2.99847    0.62438    0.18511   -0.75229    0.83528   -0.98718    0.64991 
   62800   -3.06666   -0.16808    0.14836   -0.16529    0.39716    0.78938   -0.40174 
   62900   -2.54601    0.27126    0.05163   -0.22370    0.21386   -0.15494    0.10890 
   63000   -2.91687    0.57148   -0.61719    0.19079   -1.13664   -0.61871    0.03639 
   63100   -3.27996   -0.24383   -0.08432    0.00163   -0.11182   -1.35748    1.16777 
   63200   -2.77166   -0.14547    0.61969   -0.12282   -0.69400   -0.11499   -0.41309 
   63300   -3.09548    0.96603    0.46581    0.07442    0.15757   -0.07700    0.23942 
   63400   -3.07240   -0.14380    0.90324   -0.80007    0.27398    0.00863   -0.20150 
   63500   -2.36381    0.36770    0.17365    0.02060    0.01549   -0.36966   -0.15925 
   63600   -2.88186    0.13285   -0.47929   -0.21971    0.77694    0.20309    1.09536 
   63700   -2.83084    0.41729    0.12449   -1.10113    0.42159    0.05213    0.67952 
   63800   -3.05476    1.73745    0.21398   -0.81315   -0.01627   -0.24235    0.15733 
   63900   -2.17532   -0.01433    0.22153    0.04129    0.07150   -0.45453    0.14061 
   64000   -3.15479   -0.19526   -0.16393   -0.90056    0.25638   -0.03972   -0.46508 
   64100   -2.66017   -0.54256   -0.48537    0.47481    0.04010    0.26227    0.16871 
   64200   -2.41927   -0.23906    0.02528    0.44170   -0.02103   -0.39726   -0.27768 
   64300   -3.00050    1.16179   -1.25966    0.36999   -0.10190    0.13197   -0.59293 
   64400   -3.19724   -0.40333   -0.81774   -0.20289   -0.58327   -0.39639   -0.16337 
   64500   -3.33210    0.12319   -0.42938    0.23316    0.42191   -0.74133    0.09647 
   64600   -2.90212   -0.66653    0.53395   -0.78095   -0.29819   -0.10404    0.17637 
   64700   -1.86928    0.04381   -0.14585    0.00266    0.02535    0.15832   -0.04311 
   64800   -2.69725   -0.49689   -0.58918   -0.92280    0.13965    0.20097    0.44352 
   64900   -2.97551   -0.33463    0.86676   -0.16629    0.28390    0.28828   -0.01465 
   65000   -2.76359    0.59264   -0.25230   -0.39468   -0.04801   -0.63959    0.64623 
   65100   -3.26609    0.42041   -1.73253   -1.65418    0.88820    0.30319   -0.14027 
   65200   -3.09900   -0.54318   -0.19419   -0.39313   -0.17664    0.07045   -0.39707 
   65300   -2.90827    1.32686    0.82871   -0.27120   -0.22638   -0.20773   -0.32546 
   65400   -3.16851   -0.76327    0.42218   -0.60514   -0.75819   -0.16101   -0.93462 
   65500   -2.75019   -0.35781    0.18752    0.51616    0.03065    0.76951   -0.60117 
   65600   -2.92224   -0.52717   -0.53776    1.40343    0.53596    0.30971   -0.27865 
   65700   -3.18346   -0.93877    1.44026    1.28107    0.28540    0.41582   -0.34528 
   65800   -3.21400   -1.45839   -0.44539    0.11104   -0.06155   -0.13877   -0.21106 
   65900   -3.08883    0.12109    0.09953    1.58461   -1.32414    0.01224   -0.25999 
   66000   -3.18866    0.22555   -0.46717    1.88047   -0.19226   -0.50063   -0.03985 
   66100   -2.59819   -0.27656    0.12289   -0.20014   -0.38020   -0.06641    0.45840 
   66200   -3.04658    0.24690   -0.14909    0.44210    0.40295   -1.37584   -0.76522 
   66300   -3.18265    0.13131    0.01150    1.41660    0.75450   -1.25293    0.97521 
   66400   -2.99726    0.00856   -0.47987    0.19996    0.12281    1.84038   -0.93270 
   66500   -3.28482   -0.50773    0.29524    0.87680   -0.35870    0.28452    0.16745 
   66600   -2.81865    0.62735    0.31275    0.27126   -0.95076   -0.09687    0.66850 
   66700   -2.91817   -0.17832   -0.73961   -0.37921   -0.15348   -0.02510    0.05406 
   66800   -3.37483   -1.36040    0.87573   -0.16094   -0.34721    0.37225    0.33400 
   66900   -3.40921   -0.10528    0.91629   -0.61044    0.14040    0.19065   -0.17692 
   67000   -3.51931   -0.06822    0.10396   -0.08095   -0.13967    0.21238   -0.16920 
   67100   -3.03150   -0.58210    0.57055    0.19004    0.44410   -1.52616   -0.94102 
   67200   -3.42809   -0.17301    0.60519   -0.16980   -0.11156    0.74683   -0.14372 
   67300   -3.33123   -0.29378   -0.32506   -0.00505    0.23648   -1.31744   -1.47780 
   67400   -2.98751    0.55439   -0.29534   -0.26845    0.92363    0.80441    0.05857 
   67500   -3.38685    0.57593    0.15093   -0.42238    0.51417    0.20578   -0.47037 
   67600   -2.83239    1.22403   -0.46735   -0.73485   -0.37952   -0.15615    0.08929 
   67700   -2.81064    0.43159   -0.17354    0.03896   -0.42166   -0.15046   -1.13608 
   67800   -3.46259   -0.03232    0.16817    0.07732    1.26473    1.52525   -0.01447 
   67900   -2.82234    0.25168   -0.18211   -0.14019   -0.17007   -0.15045   -0.67574 
   68000   -3.01666   -0.88894    0.26617    1.34185    0.86817    0.12077   -0.51615 
   68100   -2.98519   -0.15224   -0.33296   -0.54220   -0.37280   -0.12757   -0.17124 
   68200   -2.98021   -0.43167    0.65416    0.71396    0.68846    0.49344    0.64863 
   68300   -2.22396    0.11565    0.26348   -0.04901    0.07161   -0.45585   -0.04904 
   68400   -3.44042    0.28131   -0.11737    0.48318    1.03049    0.67214    1.17184 
   68500   -2.80358   -0.42328   -0.05897   -1.57304    0.00420   -0.06839    0.09094 
   68600   -2.50204    0.19238   -0.22332    0.19282   -0.13193    0.76967   -0.45098 
   68700   -3.33300    0.08425    0.05143   -0.22534    1.16539   -2.19186   -0.20746 
   68800   -2.91932   -0.20159   -0.86238    1.09939    0.49132    0.09395    0.01419 
   68900   -2.86536    0.43000   -0.44642    1.17013   -0.66519    0.31729   -0.23137 
   69000   -3.31628    0.53921   -0.31313   -0.49987    0.12855   -0.73668   -1.34182 
   69100   -2.79860   -0.22790    0.04536   -0.50827   -0.14632    0.59902   -0.19715 
   69200   -2.93196   -0.28764    0.24694   -0.40795    0.05192    0.04615   -0.47073 
   69300   -3.25230   -0.22654   -0.43369   -0.00027   -0.38129   -0.46216    0.19814 
   69400   -2.94577    0.51014   -0.16519   -0.59476    0.31575    0.90252   -0.52185 
   69500   -3.20299    0.40047    0.53322    1.00833    0.31580   -1.05151    1.53832 
   69600   -3.17409   -0.16283    0.36534   -0.74064   -1.60746   -0.69258   -0.58655 
   69700   -2.90750    0.24669    0.50138   -1.14709    0.25780   -0.55371   -0.13528 
   69800   -2.83481   -0.02969   -0.60866   -0.51066    0.16511    0.02901   -0.07720 
   69900   -2.58511    0.04971   -0.14287   -0.23609    0.42899    0.16121   -0.09950 
   70000   -3.19915   -0.53882    0.83929   -0.56708    0.13920    0.22665   -0.09950 
   70100   -2.60718    0.03762    0.15080    0.59254    0.03944    0.44201   -0.10986 
   70200   -2.96655    0.26676    0.08818   -0.59898    0.18735    0.12541   -0.01573 
   70300   -3.03039   -0.04706    0.11837   -0.06931   -0.66989   -1.49896   -0.76935 
   70400   -2.80241    0.13367   -0.75048    0.30548   -0.86039   -0.15037    0.07253 
   70500   -2.94485   -0.63411   -0.14660    0.05771    0.32179   -0.64927    1.14674 
   70600   -3.66269   -0.28742    0.32691    2.01061   -0.02197    0.11897    0.39041 
   70700   -2.80073    0.01825    0.26370   -0.01309   -0.97343   -0.07812    0.38849 
   70800   -2.60540    0.70651    0.01982    0.27320   -0.57804    0.33955    0.13011 
   70900   -2.63073    0.52529    0.08974   -0.00972    0.04801   -0.12487    0.17402 
   71000   -2.75338   -0.07483    0.12474    0.28523   -0.30535   -0.04697    0.17087 
   71100   -3.06302   -0.37336    0.42945    0.19097   -0.39290   -1.89455    0.43610 
   71200   -2.78253    0.74271   -0.29169   -0.29801    0.03779   -0.44320    0.29019 
   71300   -3.20668   -0.06559   -0.86083   -0.05659    0.13165   -0.21553   -0.17783 
   71400   -2.72576    0.16387    0.06135   -1.15110   -0.14235   -0.26158    0.13502 
   71500   -2.72815   -0.39584   -0.53664   -0.78200    0.42523   -0.04590   -0.00778 
   71600   -2.53460   -0.20610   -0.16736   -0.43436   -0.10602   -0.42772    0.35677 
   71700   -2.60613   -0.31147   -0.66985    0.50513    0.17487   -0.08154   -0.27201 
   71800   -3.38282   -0.16321   -0.21152    0.05249    0.02336   -1.02021    0.44010 
   71900   -2.92780    0.43421    0.64559    0.17940    0.28835    0.16474    0.76737 
   72000   -2.77535    0.41847   -0.66195   -0.18119   -0.09248    1.06556   -0.14064 
   72100   -3.13711   -0.57238    0.74328   -0.66415    0.04054    0.09007    0.01792 
   72200   -3.37467    0.24134    0.07913   -0.29816    0.21470    0.20139   -0.56449 
   72300   -2.78256   -0.64782    0.93205   -0.36079    0.13374   -0.23968    0.59280 
   72400   -3.07426    0.26360    0.35177   -0.04770    0.41810   -0.56945   -1.51522 
   72500   -3.01613   -1.24853    1.19820   -0.39990   -0.11943   -0.23924    0.36881 
   72600   -2.61471   -0.02341   -0.42305    0.88463    0.21890    0.07474   -0.11365 
   72700   -3.20347    0.13525   -1.33592   -0.79639   -0.31012   -0.43939    0.16603 
   72800   -3.22488   -0.39667   -0.28235   -0.60681   -0.37400    0.03954   -0.42842 
   72900   -2.81880   -0.36068   -0.04132    0.50941    0.14498   -0.85502    0.25056 
   73000   -3.24599   -0.09683   -0.63839    0.16054    0.15996    2.59346    1.28850 
   73100   -2.62090    0.70348   -0.00230   -0.05682   -0.01343   -0.16302    0.41754 
   73200   -3.13194    1.00957   -0.62751   -0.60131   -0.08378   -1.63719    0.01721 
   73300   -2.75612   -0.36517   -0.29775    0.63236    0.56671   -0.56175    0.02156 
   73400   -2.73038    0.24466   -0.50341   -0.70424    0.41525    0.10490    0.11832 
   73500   -3.16287    0.67931   -1.40943    0.55125    0.29873   -0.11122   -0.32308 
   73600   -3.03865   -0.11988    0.06383    0.05938    0.07105    0.62804    0.24492 
   73700   -2.93462   -0.01141    0.53707   -0.12208    1.28656   -0.90369    0.51918 
   73800   -3.13685   -0.07985    0.81506   -0.88075   -0.34941    0.04817   -0.75775 
   73900   -2.96329    0.07213   -0.21113   -0.63616    0.05065    0.67495   -0.73864 
   74000   -2.62850   -0.08797    0.09529   -0.55256   -0.10846   -0.76464    0.38820 
   74100   -2.94681    0.31382    0.10798   -0.29366   -0.42946   -0.34730   -0.95818 
   74200   -2.63175   -0.52776   -0.36048    0.28966   -0.25393    0.25445   -0.19920 
   74300   -3.47220    0.79596    0.46593    0.87106    0.00696    0.03541    0.13966 
   74400   -3.15366   -0.81474    0.83661   -0.06386    0.09395    0.39969   -0.05605 
   74500   -2.77369   -0.53534    0.19257    0.61598   -0.14341   -0.50040    0.14211 
   74600   -2.49024   -0.11643    0.57788   -0.20501   -0.31026   -0.44921   -0.03142 
   74700   -2.62811   -0.33247    0.25205   -0.03227    0.06578    0.16639    0.06575 
   74800   -3.10766    0.04404   -0.21874    0.13796    0.31863   -0.12074    0.53509 
   74900   -2.21127    0.06916    0.14487    0.41658   -0.05907    0.04372   -0.31814 
   75000   -2.66132    0.11785   -0.00189    0.21589   -0.32795    0.16132    0.31823 
   75100   -2.82491   -0.15916   -0.83796   -0.15469    0.51912   -0.17081    0.78982 
   75200   -3.01782   -0.73593   -0.97052   -0.23415   -0.12293    0.07977    0.01825 
   75300   -2.47047   -0.31423    0.04564    0.67657    0.08953   -0.21284   -0.10267 
   75400   -2.76324    0.23747    0.64075   -0.56831    0.58216   -0.20581   -0.00091 
   75500   -2.99497   -0.77233   -0.50554   -0.50219   -0.59887   -0.25304    0.34672 
   75600   -2.63741    0.14336   -0.26952    0.67486   -0.46751   -0.28399   -0.13712 
   75700   -3.07437   -0.03733   -0.11761   -0.08494    2.02758    0.36484    0.19516 
   75800   -2.76349    0.05440    0.40139   -0.37010    0.38289    0.40909    0.13685 
   75900   -2.80354    0.46616   -0.62772    0.14498   -0.03639   -0.04206    0.78159 
   76000   -2.83752   -0.32302   -1.16872    0.06399   -0.08002    0.82862    0.18214 
   76100   -2.80173   -1.50548   -0.06344   -0.32286    0.13984   -0.03548    0.18741 
   76200   -2.46630   -0.25783    0.03074   -0.30089    0.57740    0.32208    0.01206 
   76300   -3.01831    0.69010   -1.01357    0.47791   -1.31295   -0.17830    0.09844 
   76400   -3.12916    0.32208   -0.86269    0.21969   -0.89533   -1.23128   -0.15991 
   76500   -2.55530    0.24707    0.24531   -0.72372    0.10898   -0.09429    0.08576 
   76600   -2.96614   -0.18690    0.02933    0.91623    0.11785   -1.37426   -0.17758 
   76700   -3.67183   -0.05206    0.37316   -0.07155    1.79565    2.62283   -1.58060 
   76800   -2.64968    0.17602   -0.39407    0.71864   -0.18960    0.53608   -0.50117 
   76900   -3.31872    0.05876   -0.32454    0.82748   -0.90551   -0.82210    1.13984 
   77000   -3.24458   -0.12300    1.26692   -1.62753   -0.28175    0.43971    0.21706 
   77100   -2.64754   -0.14243    0.22637   -0.72271   -0.01477   -0.44133    0.69040 
   77200   -2.98484   -0.03363   -1.65615   -0.61338   -0.00885    0.30578    0.62124 
   77300   -3.50232    0.51002    0.42161    1.39571    0.08176   -0.09596    0.39347 
   77400   -2.88820   -0.26439   -0.07999    0.65990   -0.11064   -0.56719    0.28512 
   77500   -2.79971    0.18462   -0.70486    0.60270    0.76319    0.18924   -0.12837 
   77600   -3.24949   -0.01199    0.35489   -0.00217   -0.05766    0.35390    1.95986 
   77700   -2.89494    0.58978    1.34010   -0.20691   -0.53098   -0.50068   -0.14076 
   77800   -2.85638    0.40892    0.26496    0.93783   -0.40229    0.41918   -0.88211 
   77900   -2.71928   -0.69332    0.74143    0.42554   -0.04785   -0.21918    0.05211 
   78000   -2.99184    0.20791   -0.22624    0.12882   -0.32202   -0.78610    0.14121 
   78100   -2.84366   -0.08367    0.35243    0.11186    0.53296    0.10191    0.69277 
   78200   -2.61032   -0.15455    0.21378    0.33421   -0.19053   -0.40731    0.27717 
   78300   -3.36647   -0.38222    0.12091    0.09783   -0.56236    0.35187    0.00822 
   78400   -2.53040   -0.68918   -0.13733   -0.22010    0.02753    0.06668    0.32097 
   78500   -2.77062    0.35751   -0.82992   -1.10393    0.05432    0.32430    0.27366 
   78600   -1.89905   -0.26222    0.01955   -0.10181    0.05602    0.00823   -0.00140 
   78700   -3.20870    0.21569    0.21290    0.12502   -0.22895    1.01009    0.39934 
   78800   -3.24825    0.17733    0.16970   -0.45152    0.66515    0.58433   -0.42564 
   78900   -2.99433    0.01335   -0.20165    0.16098   -0.71363   -0.30500    0.22998 
   79000   -3.02923    0.00940   -0.46002    0.35059   -0.63291   -0.83773   -0.17018 
   79100   -3.18666    0.77431   -0.24869    0.20678    1.21813    0.66176    0.17112 
   79200   -2.54607    0.40243   -0.31034    0.52009   -0.17188   -0.27969   -0.30031 
   79300   -2.88961   -0.15609   -0.08509    1.17466    0.73025   -0.38458   -0.57525 
   79400   -2.80572   -0.07797    0.10495   -1.42831   -0.23823    0.01766    0.43241 
   79500   -3.07240    0.35456   -0.63671   -0.42803    1.20699   -0.43167    0.29613 
   79600   -2.56981    0.01608   -0.51510   -0.04457    0.45080   -0.00443   -0.03097 
   79700   -2.91797   -0.03082   -0.00155   -0.10672    1.50898   -0.36431    0.29100 
   79800   -3.00673   -0.72138    0.70957    0.07034    0.72733   -1.39561   -0.31518 
   79900   -2.75654    0.01003   -0.24710   -0.51512   -0.77071    0.15833   -0.20829 
   80000   -2.62959   -0.03626   -0.54969    0.23418    0.40280    0.61421    0.38723 
   80100   -2.29328   -0.02830    0.35045   -0.01352   -0.18706   -0.09037    0.17022 
   80200   -2.98326    0.08763   -1.35298   -0.51450   -0.78116    0.28884   -0.41897 
   80300   -2.98262   -0.94901    0.70115   -0.20155    1.01560   -0.63105    0.60371 
   80400   -3.28599   -0.44822   -0.53474    0.84327   -0.55712   -0.14770    0.50716 
   80500   -2.75818    0.22661   -0.71292    0.95257   -0.43006    0.23589   -0.35668 
   80600   -3.05062    0.27063   -0.18137    0.06520   -1.20300   -0.02494    1.47063 
   80700   -3.15669    1.23958   -1.56507   -0.43678   -0.53050   -0.01251   -0.82946 
   80800   -2.34171    0.06488    0.56609    0.01084   -0.04190   -0.39211    0.14750 
   80900   -2.85283   -0.86487    0.07261    0.65116    0.71813    0.16232    0.52719 
   81000   -3.05927    0.31755   -0.00989   -0.40907    0.56798   -0.54288   -0.28454 
   81100   -3.06540   -0.48480   -0.25428   -0.91558    0.13473   -0.63757   -0.67985 
   81200   -2.57321   -0.04612   -0.79971    0.01735    0.14071    0.36426   -0.38997 
   81300   -3.07418   -0.05999   -0.26931    0.03763   -0.23005   -0.30575    0.74867 
   81400   -2.78292   -0.71199    0.56897   -0.58984   -0.08598    0.04805    0.27481 
   81500   -3.25590    0.32721    0.01545    0.11433    0.62153    0.72879    0.30263 
   81600   -2.80552   -1.13485    0.39916   -0.09631    0.67099   -0.11187   -0.33053 
   81700   -3.01425   -0.00161    1.39173   -0.29246    0.74083   -0.19233   -0.79583 
   81800   -2.84012   -0.07490   -0.18597    0.03771   -0.66696    0.20636    0.35233 
   81900   -2.87467    1.53272    0.14305   -0.19818   -0.24038    0.05025    0.36709 
   82000   -3.06059   -0.18307   -0.03981   -0.23556    0.19556    0.89342   -0.74071 
   82100   -3.02803   -0.34138   -0.31786    0.02445   -0.02366   -0.71590    0.18082 
   82200   -2.77113    0.59752   -0.00915    0.37658   -0.02786    0.57878   -0.89457 
   82300   -3.01227   -0.37330   -0.07581   -0.64023   -0.95338   -0.23846   -0.13826 
   82400   -3.35154    1.17514   -0.34602   -1.17305    0.36522    0.12207    0.00906 
   82500   -2.43823    0.15126    0.38348    0.05384    0.00309   -0.60849    0.31039 
   82600   -3.09619    0.51363    0.15603    0.10235    0.65006   -0.95837    0.78921 
   82700   -2.89267   -0.29444    0.19656   -0.00181   -0.22855    0.21790   -0.32979 
   82800   -3.36441   -0.31642   -0.12407    0.25328    0.08796   -2.31441    0.20544 
   82900   -3.31032   -0.58389    0.48946    0.16427   -0.05804    0.08168    0.13117 
   83000   -3.48398    1.09333   -0.89391   -0.32154    0.04574   -0.11703   -0.11917 
   83100   -3.01045   -0.63786   -0.29763   -0.46367   -0.77120    1.08755    0.82418 
   83200   -2.91550   -0.20789   -0.28908   -0.31008   -0.26597    1.16036   -0.61505 
   83300   -3.39049    1.14374    0.19913    0.34004    0.09050    0.02633   -0.05852 
   83400   -2.52264    0.00726    0.46049    0.29776    0.25336   -0.11292    0.12031 
   83500   -2.81630   -0.68611    0.62060    0.48772    0.71736    0.35062   -0.40093 
   83600   -2.65291   -0.09202   -0.18713    0.35975    0.16308    0.68618   -0.95981 
   83700   -2.80896   -0.76809    0.21220    0.28773    0.54508   -0.30358    0.79388 
   83800   -2.76350   -0.38724    0.10875    0.06097    0.76670    0.42433    0.77867 
   83900   -3.01227   -0.71298   -0.86044   -0.20103   -0.73966   -0.27174    0.80523 
   84000   -2.90764   -0.11413    0.36875    0.23008   -0.02869    0.62405   -1.05282 
   84100   -2.99582   -0.04225   -0.16089    0.54645    1.15558    0.82484   -1.30895 
   84200   -2.51819   -0.50731   -0.05740    0.62459    0.03561    0.02675   -0.46490 
   84300   -2.50248   -0.14831    0.02117    0.24649   -0.22843   -0.41397   -0.63410 
   84400   -2.93181    1.22998   -0.36882   -0.00747   -0.80264   -0.64848    0.12725 
   84500   -2.62549    0.22391   -0.33030    0.00701   -0.97264    0.51881    0.04560 
   84600   -3.24181    1.45930   -0.64377    0.86930    0.06571    0.22387    0.22344 
   84700   -3.12210   -0.79372    0.09158   -0.18986   -1.01157    0.12456    0.63988 
   84800   -2.86304    0.91111    0.47132   -0.05461   -0.84733    0.21182   -0.62860 
   84900   -2.58818   -0.33226    1.03521   -0.18078    0.13719   -0.33608    0.05676 
   85000   -2.96062   -0.48144   -0.05230   -0.68435   -0.73564   -0.16045   -0.05419 
   85100   -2.49676    0.20010    0.28192   -0.40625   -0.15455   -0.63753    0.05632 
   85200   -2.90527   -0.37017   -0.01739    0.12060   -0.05113   -0.11052    0.08652 
   85300   -2.64075    0.02199    0.44820    0.26752   -0.06004    0.35170   -0.51519 
   85400   -2.81374    0.09344    1.12500    1.01969   -0.06782   -0.08828   -0.38013 
   85500   -2.99541    0.20676   -0.29506   -0.28283   -0.04874    0.84477   -1.07421 
   85600   -2.58771    0.29455    0.25225    0.30151    0.32855   -0.33750    0.04728 
   85700   -2.32242   -0.15107   -0.04858    0.20772   -0.07405    0.20988   -0.01893 
   85800   -2.92497    0.75226   -0.23955   -0.35932    0.13036    1.06487    0.83683 
   85900   -2.80680   -0.09153   -0.41066    0.50494    0.15415    0.89465    0.54639 
   86000   -3.10067   -0.86019   -0.24182   -0.26074   -0.70839   -0.56340    1.36885 
   86100   -2.65073    0.12121   -0.80878   -0.12712   -0.02720    0.51870   -0.46354 
   86200   -3.27698    1.24235    0.60971   -1.11310    0.01603   -0.13037   -0.13536 
   86300   -3.24706   -0.26061    0.66655    0.05870   -0.06921    0.19100    0.18961 
   86400   -3.22373    0.79313    1.32694   -1.32143    0.26338    0.39252    0.38220 
   86500   -2.68497   -0.72257   -0.46952    0.02242   -0.09850    0.31089   -0.37857 
   86600   -2.92442   -0.34119   -0.77013    0.31719    0.05359   -0.00874    0.04839 
   86700   -3.38785    1.60665    1.05655   -1.42139    0.33422   -0.31899   -0.17296 
   86800   -3.35141   -1.68679    0.64830   -1.66891   -0.02564   -0.44093   -0.37199 
   86900   -2.97397    0.28431   -0.48611    0.11999    0.49438   -0.18508    0.43121 
   87000   -2.87762    0.76666    0.28229   -0.42105   -0.18714    0.59269   -0.52190 
   87100   -2.98763   -0.34352   -0.07746   -0.03954   -0.20192    1.43140    0.24816 
   87200   -2.46727    0.10722   -0.21684   -0.13583    0.25008    0.55299    0.55503 
   87300   -2.88016   -0.27372   -0.07279   -0.18934   -0.22592    0.09677   -0.01811 
   87400   -2.46108   -0.41904   -0.49558   -0.05874    0.28402    0.04543   -0.24636 
   87500   -2.87143   -0.31977   -0.11247    0.52347    0.70345   -0.63002    0.47546 
   87600   -2.92165    0.86015   -1.24503   -0.31943   -0.23222    0.48824   -0.41217 
   87700   -2.98942    0.37209    0.61695    0.57082    0.68102    0.78944   -0.73747 
   87800   -3.04365   -0.12146   -0.55560   -0.79144    0.02120    0.08869   -0.11433 
   87900   -2.78061   -0.14262    0.42018    0.77319    0.11504    0.29268   -0.12682 
   88000   -2.63535   -0.63833   -0.23315    0.32362    0.10194    0.31046    0.28633 
   88100   -3.03288    0.19809   -0.10581   -0.13219    0.32584   -0.67988    1.37567 
   88200   -2.58681    0.04122    0.17508   -0.39931   -0.19721    0.52680    0.55996 
   88300   -3.53728    0.28905    0.03202    0.00344    0.78583   -0.02531   -0.06140 
   88400   -2.70256    0.59117    0.67281    0.56132    0.08832   -0.21028   -0.50870 
   88500   -2.97425    0.10380   -0.10460   -0.60644    0.65413    0.86043    1.45251 
   88600   -2.85387    1.42666   -0.53785    0.16365   -0.19905   -0.00119    0.19722 
   88700   -3.06878    0.00765    0.07675   -0.48960    0.63259    0.49328   -0.50700 
   88800   -2.90359    0.31672   -1.27368   -0.35248    0.49345    0.69922   -0.00879 
   88900   -2.91794    1.11021   -0.37803    0.36153   -0.28546   -0.81990   -0.14972 
   89000   -2.87662    0.37934    0.26399   -1.21254    0.16776    0.53529    0.48649 
   89100   -2.63395   -0.59660    0.44828   -0.38147    0.49272   -0.46906   -0.11069 
   89200   -3.25945    0.05290    0.61429   -0.93011    0.02223   -0.00280   -0.01407 
   89300   -2.93287   -0.21550   -0.42301   -1.01892   -0.17321    0.63469   -0.46891 
   89400   -2.88723   -0.04733   -0.77529    0.10103    0.92451    0.15502   -0.83591 
   89500   -2.36422    0.25079   -0.05173    0.10214   -0.20114   -0.01696   -0.57717 
   89600   -3.07304   -0.26574    1.00199    1.57838    0.18467    0.29442   -0.30039 
   89700   -3.07520    1.21940   -0.25061    0.95491    0.33902    0.61453   -0.05579 
   89800   -2.94419   -0.89388   -0.39784    0.95764   -0.09132   -0.47407   -0.34053 
   89900   -2.66551    0.01176    0.18064    0.26322   -0.87242   -0.01135   -0.34879 
   90000   -2.79642    0.22802    0.24328   -1.24401   -0.12882    0.22411    0.58624 
   90100   -2.69073    0.50072    0.11162   -0.81832   -0.51649   -0.07287   -0.06772 
   90200   -3.19026   -2.36167   -0.32098    0.76702    0.20928    0.55586   -0.18052 
   90300   -3.26688   -1.06382   -0.28391   -0.55188   -0.11003    0.06688   -0.34089 
   90400   -2.70277   -0.18007   -0.01381   -0.03105   -0.13390   -0.26261    0.04394 
   90500   -3.18370    1.01777   -0.64147    0.04273    0.09773    0.07070    0.05641 
   90600   -2.99324   -0.03946   -0.56622   -1.06130   -0.27823   -0.62997    0.06682 
   90700   -2.70931   -0.31975    0.03976   -0.52305    0.90405   -0.40290    0.42784 
   90800   -3.17585   -0.93962    0.93126   -0.18171   -0.30331   -0.04748   -0.33376 
   90900   -3.35988   -0.81706   -0.38373   -0.66694   -0.40384   -0.31477   -0.07237 
   91000   -2.98290    0.10143   -0.04499   -0.28925   -1.19814   -0.91070   -0.01175 
   91100   -3.00331    0.09763    0.62675    0.08363   -0.47175    0.45486    0.92311 
   91200   -3.23324   -0.59019    0.25787   -0.95298    0.62289   -1.22838   -1.59268 
   91300   -3.15034   -0.40871    1.01707    1.05907   -0.43844   -0.10432    0.15726 
   91400   -2.84063   -0.44148   -0.11504   -0.03768   -0.35928    0.88994    0.24730 
   91500   -3.32125   -1.47016    0.44510    1.54265   -0.89950   -0.28944   -0.05679 
   91600   -3.26260   -0.15734    0.71762    0.51850   -0.24202    0.83182    0.27451 
   91700   -2.63304    0.03109   -0.49639   -0.05336   -0.47073    0.87161    0.29854 
   91800   -2.29505   -0.10354   -0.36771    0.13842    0.25643    0.44053   -0.07883 
   91900   -2.78205    0.17781   -0.35560    0.44141    0.53584    0.01201    0.12889 
   92000   -3.44445   -0.40100    0.70131    0.68079   -0.86066    0.23573    2.07063 
   92100   -2.20150   -0.29202    0.01334    0.06464    0.46708   -0.02294    0.06771 
   92200   -3.19219    0.60297   -0.88798   -1.37323    0.51792   -1.33354    1.06608 
   92300   -2.96094    0.14683   -0.01750    0.14298    0.64116    0.72015   -0.34578 
   92400   -2.78014   -0.02965    0.02296    0.67391    0.82480   -0.48137   -0.63534 
   92500   -2.85287   -0.44386    0.26802   -1.16359   -0.09428    0.46811    0.55443 
   92600   -2.74312   -0.24085   -1.17053    0.58192   -0.14797    0.29581   -0.00640 
   92700   -3.18164   -0.14172    0.71973    0.19571   -1.04744    0.79532   -1.15770 
   92800   -2.39606   -0.43320    0.05702   -0.07003    0.19112    0.05148   -0.34241 
   92900   -3.23752    1.31254    1.04330    0.74686    0.06761    0.14849   -0.20320 
   93000   -2.98404   -0.40106   -0.11383    0.40136   -0.24982    0.20439    0.17795 
   93100   -2.85848   -0.83483   -0.62254   -0.44906    0.26321    0.55733   -0.61549 
   93200   -2.80106    0.55737   -0.01747    0.61374   -0.52684   -0.76360    0.23632 
   93300   -3.49097   -0.44140   -0.47429   -0.26667   -0.61408   -0.62315   -0.25654 
   93400   -3.19992    0.70472    0.11114   -0.67655   -2.31324    0.65763    0.09210 
   93500   -3.32450    1.67423    1.24147   -0.66665   -1.81614    0.32708   -1.12226 
   93600   -2.91293    0.10773   -0.03829   -0.49646   -0.52153   -0.21101   -0.52196 
   93700   -3.13365    0.27145   -0.46320   -1.57584   -0.39073    0.80783   -0.85684 
   93800   -3.37187   -0.14199    0.04571   -0.25604    0.58928    0.01738   -1.43907 
   93900   -2.79342    0.17978   -0.52533   -1.06830   -0.50033   -0.02505    0.45990 
   94000   -2.75943    0.35247   -0.54775   -0.45129   -0.34094    0.07989   -0.52950 
   94100   -2.74202    0.16728   -0.43379    0.30039    0.07623    0.62728    0.67415 
   94200   -2.89087    0.14105   -0.21755    0.06676    0.05248   -0.44545   -0.43007 
   94300   -3.41084    0.20956    0.15052    0.15534    0.72256    1.93409   -1.36300 
   94400   -2.76427    0.59515   -0.52049    0.24799    0.14406    0.20446   -0.86884 
   94500   -2.60620   -0.19054    0.49579    0.16233    0.56266   -0.41370    0.42317 
   94600   -3.52063   -0.03479   -0.90230   -0.42727   -0.06448   -0.43875   -0.11295 
   94700   -3.14453    0.71502    0.12356   -1.05594   -0.83228   -0.41204    1.66297 
   94800   -2.72797   -0.07490   -0.22287    0.31614   -0.57184   -0.08666   -1.02401 
   94900   -3.52230    0.26631    0.39063    0.26911    1.62111    0.07238    1.76927 
   95000   -3.25955   -0.69784   -0.29579   -0.68180   -0.32388    0.07515   -0.05768 
   95100   -2.73309    0.44656    0.30734    0.16704   -0.05961    0.48298   -0.08632 
   95200   -2.37444    0.38537   -0.36624   -0.07328   -0.10974    0.46758   -0.00059 
   95300   -3.20395    0.09989   -0.09160   -0.38414    0.50322    0.38182   -0.68149 
   95400   -2.72860   -0.08155    0.17212   -0.22276    0.38878    0.26587   -0.18543 
   95500   -3.44220    0.65741   -0.54388    0.23359    2.27309    0.31477    0.59570 
   95600   -2.83302   -0.29623   -0.44364   -0.16923    1.14286    0.30507    0.79188 
   95700   -2.69642    0.45537   -0.17922    0.52186   -0.08610    0.21178    0.16201 
   95800   -2.39587   -0.34496    0.20886    0.08174    0.40246   -0.46722   -0.26567 
   95900   -2.98266   -0.02268    1.07666   -0.38525    0.33249    0.03232   -0.36503 
   96000   -3.17099   -0.53600   -0.41499   -0.07608   -0.21068   -1.12521    1.05125 
   96100   -3.02165    0.47388   -0.40021   -0.29104   -0.64492   -0.89238    1.29791 
   96200   -2.80391    0.68314    0.24697    0.21323   -0.99679    0.54589    0.14363 
   96300   -3.01519   -0.39396    0.25414   -0.80255    1.21889    0.72027   -0.42532 
   96400   -2.87195   -0.32881    0.11833    0.88040   -0.11781    0.51986    0.04408 
   96500   -2.85302    0.36127    0.10024   -1.16291   -0.38232   -0.42924   -0.02860 
   96600   -2.68595   -0.44389    0.15377    0.53146    0.52951   -0.66021   -0.42444 
   96700   -2.63047   -0.50217   -0.29199   -0.10589    0.86339    0.17613    0.36673 
   96800   -2.99672    1.14469    0.84707    0.09992    0.31977   -0.40842    0.54805 
   96900   -2.86492    0.38751   -0.14695    0.82416   -0.36040   -0.21364    0.28887 
   97000   -2.75685   -0.32120   -0.44435   -0.68056    0.77299   -0.10781   -0.10009 
   97100   -2.77925   -0.79411   -0.23789    0.12851   -0.22556    0.46541   -0.62145 
   97200   -3.52646   -0.09542   -0.19071   -0.34951   -0.15090   -0.22142   -1.18037 
   97300   -3.10728   -0.32462    0.06279    1.00685   -0.25245   -1.24786    0.78976 
   97400   -2.45465    0.07760   -0.31363   -0.14764   -0.16916    0.39825    0.66134 
   97500   -2.80974    0.23746   -0.71558    0.16278    0.24024    0.04511    0.03026 
   97600   -3.02362   -1.51047   -0.86817   -0.97679    0.48292    0.12194    0.45100 
   97700   -2.45392    0.01398    0.10495   -0.45653    0.46866    0.02406    0.21844 
   97800   -2.78087    1.03307   -0.41737   -0.34290   -0.43416   -0.28290    0.40399 
   97900   -3.33742    0.32695   -0.89171    0.54239    0.09061   -0.01235    0.09951 
   98000   -2.94766    1.18889   -0.00780   -0.65417   -0.98750    0.01089    0.38826 
   98100   -2.66662   -0.44716   -0.16899   -0.11391   -0.04863    0.23005   -0.57536 
   98200   -3.02162    0.75972   -0.07505    0.34033    0.18819   -0.06922    1.11242 
   98300   -3.53835    0.09710   -0.04458    0.11285    1.00986    0.10590    0.67000 
   98400   -2.57468   -0.33094   -0.31997   -0.00620   -0.14757    0.28492   -0.54583 
   98500   -2.69125   -0.92543    0.19470    0.08678    0.28499   -0.18989   -0.54205 
   98600   -2.68019    0.19478   -0.67064   -0.23484    0.16383   -0.06945    0.31764 
   98700   -2.53064    0.26724   -0.21437    0.10453   -0.78024   -0.21361   -0.05510 
   98800   -3.07956    0.00372   -0.10058   -0.22479    1.23771   -0.14799   -0.21925 
   98900   -2.76265   -0.44841   -1.16745    0.08366    0.47069    0.21839   -0.06068 
   99000   -2.87979   -0.05270   -1.05176    0.26234    0.90445    0.57202   -0.03406 
   99100   -2.95559    0.67632    0.39015    0.34864   -0.63730    0.64672    0.88828 
   99200   -2.37899    0.52506   -0.31445   -0.02666   -0.33525    0.03570   -0.18516 
   99300   -2.87428    0.33907   -0.23284   -0.86418    0.14528    0.14983    1.19971 
   99400   -2.87494   -0.52385    0.39268   -0.20885    0.68707   -0.29676   -1.04039 
   99500   -2.59838    0.36320    0.54183    0.24492   -0.09238    0.07669   -0.13796 
   99600   -3.31196   -0.11810    0.15270    0.52757    0.82872    1.73085    0.60201 
   99700   -3.05458    0.50014   -0.48628   -0.36072   -0.42689    1.05419   -1.31380 
   99800   -2.75004   -0.56745   -0.24426   -0.15718    0.89543   -0.28813    0.64664 
   99900   -2.46820   -0.09499    0.20337    0.15906    0.55845   -0.11080    0.16435 
