     tau         EL         x1         y1         z1         x2         y2         z2
       0   -3.02131    0.29795    0.15921   -0.11367   -0.37787   -0.08225   -0.71887 
     100   -2.75016    0.53189   -1.09803    0.19928    0.13217   -0.02677    0.86398 
     200   -2.69797   -0.31184    0.27947   -0.61759    0.34853   -0.09437   -0.31203 
     300    3.69551    0.43438    0.31733   -0.18963    0.43574    0.23293   -0.09098 
     400   -2.15044   -0.52685    0.75059   -0.54626   -0.13437    1.44516   -0.52660 
     500   -3.06249   -0.26545   -0.08268    0.38018    0.45504    0.02324   -0.30158 
     600   -3.09225   -0.24072   -0.43905   -0.76208    0.26347   -0.05451   -0.12667 
     700   -2.93387   -0.29021    0.45857    0.04421    0.61008    0.36034   -0.82444 
     800   -2.90615    0.69175    0.50831    0.48187   -0.88634   -0.30082    1.05463 
     900   -3.24374   -0.12301   -0.37569   -0.55812   -0.19797    0.14261    0.08714 
    1000   -2.66114    0.64916    0.66668    0.15884    0.19506    0.86601   -0.97615 
    1100   -3.03481   -0.29603   -0.38392   -0.11837    0.40058    0.29897   -0.13544 
    1200   -4.38637   -0.02964   -0.13068    0.08489   -0.03718    1.90207   -0.39833 
    1300   -2.89307    0.24349   -0.00251    0.40736   -0.46348    0.38218    0.02238 
    1400   -3.00170    0.43313    0.55433   -0.01129    0.11975   -0.38690    0.17084 
    1500   -3.14439   -0.05910    0.50263   -0.20859    0.66622   -1.18174    0.24497 
    1600   -3.28341   -0.29615    0.16680   -0.02816    0.85015    0.81591    0.41141 
    1700   -5.78123   -0.05750    0.02696   -0.04495    0.36407   -0.31469   -0.81208 
    1800   -1.49696    0.52317   -0.41909   -0.31010    0.58352   -0.21124    0.06932 
    1900   -2.81339    0.59763   -0.20141   -0.10872    0.09803    0.44823    0.20082 
    2000   -1.96701   -0.48078    0.50406    0.64460   -0.24987    1.12130    0.56473 
    2100   -3.22576   -0.98258    0.20817   -0.34489    0.22783    0.26667   -0.00353 
    2200   -4.34560   -1.58281    0.19132   -0.75048   -0.08694   -0.12082   -0.03749 
    2300   -2.48261   -0.13700    0.40860   -0.21964   -0.20254   -0.11008   -0.23045 
    2400   -3.07011    0.10907   -0.22527   -0.02449   -0.41131   -0.03945    0.32031 
    2500   -2.74385   -0.03069   -0.48944   -0.33102   -0.28829   -0.08682    0.08097 
    2600   -2.70096    0.89251    0.12548   -1.09623    0.23246   -0.38367   -0.40068 
    2700   -2.88305    0.15712    1.31147   -0.56720    0.57337    0.04034   -0.22583 
    2800   -2.85432    0.10441    0.32703   -0.21716    0.03412   -0.43031   -0.35518 
    2900   -3.31620   -0.88642   -0.03373    0.49391    0.03590    0.08771   -0.29552 
    3000   -2.76845   -0.38555   -0.85616   -0.21339    0.88125   -0.44768   -0.45771 
    3100   -2.97242    0.46892   -0.44237   -0.07873   -0.33105   -0.03547   -0.24302 
    3200   -2.52042   -0.39497    0.24426    0.55085   -0.00162   -0.22438    0.32584 
    3300   -3.18647    1.12667   -0.42875    0.46425    0.19224   -0.11739    0.17310 
    3400   -2.91959    0.77309   -0.25528   -0.19195   -0.60317   -0.65940    0.05334 
    3500   -3.03316   -0.74600    0.03883    0.28447    0.64984   -0.00031   -0.40159 
    3600   -2.98625   -0.12864   -0.06859   -0.36375   -0.17755    0.05682    0.29413 
    3700   -2.80608   -0.59808    0.18850    0.40944    0.40553    0.08959    0.43655 
    3800   -3.51092   -0.52986    0.11090   -0.60003    0.03270    0.00690    0.23119 
    3900   -2.33546    0.51120   -0.16062    0.41051   -0.11533   -0.38298    0.68228 
    4000   -1.99243    0.23792    0.15270    0.01407    0.09328   -0.02900   -0.14421 
    4100   -2.89969    0.30017    0.08588    0.87988   -0.35997    0.35231    0.04661 
    4200   -3.51475    0.03828    1.17145   -1.31401   -0.13507    0.11714    0.24339 
    4300   -3.80892   -0.07731   -0.11001    0.13625   -0.69540   -0.47246    1.14695 
    4400   -3.07096    0.06342   -0.23863    0.54290    0.18272    1.72262    0.77359 
    4500   -2.98245    0.79949   -0.46949   -1.05284   -0.11509   -0.38359    1.96869 
    4600   -3.14493    0.16216    0.15978   -0.41824    0.32254   -0.49165    0.96940 
    4700   -1.44643    0.24327    0.05722    0.13109    0.08752    0.30887    0.08762 
    4800   -2.89020   -0.09029   -0.54564    0.44090   -0.28588    0.67158    0.35716 
    4900    0.41452   -0.34700    0.33093   -0.20323   -0.38901    0.12723   -0.13374 
    5000   -2.92064   -1.02894   -1.37820    0.38545    0.60204   -0.55886    0.04061 
    5100   -1.44527   -0.82621   -0.42993    0.07174   -1.02338   -0.56783    0.50046 
    5200   -3.04538   -0.71141    0.79650    0.49134    0.04690    0.23112   -0.37998 
    5300   -2.59341    0.00453    0.36493    0.00817   -0.24495   -0.00655   -0.26875 
    5400   -2.92889    0.07802   -0.53978    0.70199   -0.68204    0.15876   -0.19893 
    5500   -2.50991    0.08548   -0.24866    1.19173    0.82724    0.62758    1.07625 
    5600   -3.10333   -0.65647   -0.94831   -0.36350    0.32008    0.43439   -0.15395 
    5700   -2.89491   -0.07370   -0.31900   -0.45188    1.16719   -0.78486   -0.48494 
    5800   -2.76639   -0.25030   -0.28252    0.05699    0.19986   -0.60188   -0.50380 
    5900   -2.30144    0.45863   -0.33244   -0.13287   -0.06268   -0.68319   -0.35408 
    6000   -2.06688   -0.52920    0.62778    0.73159   -0.96432    0.35991    0.24135 
    6100   -3.15281   -0.35186    0.77251   -0.80625    0.21784   -0.30439    0.34234 
    6200   -3.01887   -0.16768   -0.65491    0.08151    1.32459    0.06842   -0.79902 
    6300   -2.83784   -0.53859   -0.86012    0.73262    0.96785   -0.62211   -0.01341 
    6400   -4.22283   -0.05483   -0.14525    0.06028    0.07710    1.51558   -0.05935 
    6500   -2.28752   -0.17820   -0.22238    0.31303   -0.59422   -0.56784    0.05754 
    6600   -2.66982   -0.03307    0.71879    0.33973    0.67024    0.27188   -0.18341 
    6700   -2.98164    0.40519    1.13686    0.33897    1.26402   -1.71212   -0.04133 
    6800   -3.24684    0.21206   -0.06305   -0.13246    0.52556    0.27185    0.63454 
    6900   -4.59779    0.73944   -0.57559   -0.60354   -0.05319    0.07826   -0.08000 
    7000   -3.05716    0.92151   -0.46443    1.02138   -0.58192   -0.21442   -0.35524 
    7100   -2.80553    0.04735   -0.36028    0.11451   -0.65513   -0.86560    0.26629 
    7200   -2.99650   -0.30204   -0.36487    0.13518    0.13592   -0.13610    0.02253 
    7300   -2.65908    0.24656    0.21632    1.17343    0.05265   -0.44007    0.42491 
    7400   -2.58938    0.48011    0.35838   -0.79882    0.09014   -0.48506   -0.53465 
    7500   -2.72442    0.88014   -0.47864    0.85924    0.01038   -0.92660   -0.04894 
    7600   -0.98665   -0.14047    0.24555   -0.37493   -0.28183    0.49927   -0.21693 
    7700   -2.64248    0.35485    0.42884    1.14601    1.46616    1.43349    1.52612 
    7800   -3.42860   -0.02228   -0.27417    0.18004   -0.67105   -1.42444   -1.20434 
    7900   -2.83126   -0.41882   -0.71429   -0.80984   -0.14184   -1.02052    0.87055 
    8000   -2.99637    0.80911    0.17559    1.11790   -0.57235   -0.70531   -0.75034 
    8100   -2.99954    0.71123   -1.29450   -0.70365   -0.34138    1.27429    0.41508 
    8200   -2.18484    0.26122    0.15617   -1.32763    0.56144    0.22145   -0.62424 
    8300   -1.65965    0.24706    0.35147   -0.32925    0.64130    0.46144   -0.11607 
    8400   -3.00402   -0.60596   -0.58539    0.67927    0.72018    0.06864   -0.62315 
    8500   -2.36220   -0.62586   -0.65397    0.08799   -0.27045   -0.66660   -0.67405 
    8600   -2.63898    0.41586   -0.08785    0.75861   -0.31612   -0.22955    0.34951 
    8700   -3.24909    0.42578    0.07127    0.09943   -1.16233   -0.29543   -0.81841 
    8800   -2.66334    0.22372    0.41130    0.30463   -0.21097    0.68806   -0.41034 
    8900   -3.15045   -0.27117    1.09656   -0.66118    0.20938   -0.29845    0.38079 
    9000   -2.96192    0.15878    0.41998   -0.72572    0.99202   -0.22725    0.77845 
    9100   -3.09786   -1.35234    0.86411   -0.92538    0.53992   -0.47575    0.19670 
    9200   -2.98821   -0.62883    0.47701   -0.49121    1.50491    0.92587    0.34288 
    9300   -2.75424    0.23694    0.79416    0.60459   -0.17519    0.75850   -0.65717 
    9400   -2.84177    0.53714    1.01451   -0.42885   -1.17311    0.60890   -0.08002 
    9500   -3.13124    0.98165   -0.57168   -0.14741   -0.20820    0.45091    0.05807 
    9600   -3.28799   -0.27088    0.01198    0.35153    1.59508    0.00050   -0.76495 
    9700   -2.99106    0.99333    0.31895    0.43542    0.27695   -0.23643   -0.03072 
    9800   -3.07856    0.56710    0.26131   -0.52451   -0.74738   -0.96854    1.49883 
    9900   -3.03167    1.62796    0.10037   -0.77602   -0.30049    0.67931    0.20175 
   10000   -2.53884    0.46500   -0.03455   -0.93052   -0.52763   -0.36390   -0.84794 
   10100   -2.23669    0.54324   -0.68243   -0.39202    0.46440   -0.03296   -0.76448 
   10200   -2.64260   -0.23518   -0.12579    0.73730    0.01299    0.87809    0.52577 
   10300   -2.80091    0.13387   -0.18192   -0.05108    0.68512   -0.26466   -0.20065 
   10400   -3.03322    0.52601    0.02509   -0.50187   -0.44514   -0.16033    0.77726 
   10500   -3.50772    0.06684    0.16517   -0.09373   -0.42945   -0.05031   -0.76761 
   10600   -3.20369   -0.05147    0.37007   -0.28046    0.54821   -1.30808    0.04863 
   10700   -2.83410    0.97479    0.01846    0.63096    0.30620    1.84568    0.46894 
   10800   -3.25921   -0.33064    0.00573   -0.16693    1.07951    0.06989   -0.48137 
   10900   -3.01926    0.17652   -0.37239    0.18539   -0.40290    0.11770   -0.42141 
   11000   -2.89927   -0.53566   -0.47658   -0.34105    0.96995   -1.25544   -0.20531 
   11100   -3.01415    0.89697   -0.05135   -1.01801    0.26543   -0.32587   -0.00585 
   11200   -2.25879    0.00592   -0.19459   -0.12261   -0.21597   -0.20301    0.16774 
   11300   -2.85826    0.09337    0.45286   -0.81363    0.10867    1.76351    0.42331 
   11400   -3.35178   -0.25085   -1.65748    0.32174   -0.08623   -0.28507    0.02441 
   11500   -2.94423   -1.44441   -0.45370   -0.31022    0.04178   -0.61292    0.04711 
   11600   -2.77197    0.62497   -0.69417    0.62439   -0.25085   -0.78718   -0.39411 
   11700   -2.61148    0.25145   -0.83877   -0.11899    0.95066   -0.07761    0.02549 
   11800   -3.84365    1.19957    0.29570   -1.34157   -0.04585    0.08685    0.20458 
   11900   -3.06575    0.56014   -1.25862   -1.29250   -0.21129    0.77667    0.23759 
   12000   -2.69226    0.58362    0.88056    0.28822    0.46781   -0.22469    0.82435 
   12100   -2.99493    0.19178   -0.55549    0.58341   -0.28140   -0.17049   -0.29565 
   12200   -3.17571   -0.93383    1.69309    0.45209   -0.21731    0.29808    0.15140 
   12300   -3.29357   -0.16582    0.18833    0.01286    0.58067    0.42542    0.46771 
   12400   -3.36985    1.33503    0.52180    0.35053   -0.19331    0.19407   -0.20021 
   12500   -3.00210   -0.76327    0.10669    0.67200    1.04133   -0.42694   -0.30723 
   12600   -3.24473    0.11752   -0.26985    0.20265   -0.23786   -0.91371   -1.02723 
   12700   -1.46828   -0.05589   -0.18873   -0.27825    0.25273   -0.11218   -0.22283 
   12800   -2.55051   -0.77509    0.00187    0.77424   -0.51258   -0.30446   -0.01015 
   12900   -2.37124    0.66109   -0.21749   -0.22145    0.24495   -0.12895   -0.88060 
   13000   -2.92823    0.52051    0.60445    0.03193    0.00478    0.05735    0.31972 
   13100   -2.90893   -0.84799    0.41203   -0.98003   -0.05123   -1.88041   -0.43634 
   13200   -3.00433    1.51549    0.15110    1.22170    0.17889    0.47226   -0.70008 
   13300   -3.31247    0.07437    0.09002    0.36005   -0.86484    0.08885   -1.04504 
   13400   -3.06984    0.10422   -0.27134    0.05919    0.38816   -0.10022    0.88926 
   13500   -0.98661    0.09733   -0.84879   -0.15706   -0.26642   -0.91378   -0.04456 
   13600   -2.91309   -0.16765   -0.68442   -0.06446    0.18070   -0.15259   -0.07140 
   13700   -2.34078   -0.04612    0.22571   -0.21924   -0.01589   -0.18448   -0.48958 
   13800   -3.14187   -0.00136    0.11569   -0.29230    0.00675   -0.36343    0.32419 
   13900   -1.55251    0.60289   -0.56668    0.65404    0.50076   -0.27426    0.29471 
   14000   -2.83703    0.46668    0.11465    0.54758    0.11127   -1.18239    0.32860 
   14100   -2.64551    0.47454    0.01639    0.21467    0.20485    0.41952    0.97394 
   14200   -2.10995   -0.38144    0.28586    1.07010   -0.10811    0.36806    0.48683 
   14300   -2.62764   -0.25952    0.01385    0.21441   -0.12101   -0.57708    0.44505 
   14400   -2.89166   -0.02981    0.18901   -0.43057    0.38503   -0.76412   -0.37652 
   14500   -3.13699    1.00490    0.53402    0.77008   -0.19218   -0.30507    0.26994 
   14600   -3.07060    1.38203   -2.43841    0.80686    0.29763   -0.48062   -0.38528 
   14700   -3.29129    0.17340    0.26384    0.07840   -0.63391   -0.42192    0.79595 
   14800   -2.95830    0.43670   -0.14602    0.10405   -0.51962   -0.28920    0.55161 
   14900   -7.30560    0.04978   -0.02920   -0.00116    1.36131    0.16480   -0.65392 
   15000   -2.99208    0.36580    0.45149    0.01946   -0.26744   -0.17271   -0.35166 
   15100   -2.94990    0.18109    0.75326   -0.17666    0.35727   -0.19870    0.25022 
   15200   -2.74982    0.31757   -0.44310   -0.13517   -0.11266    0.09800   -0.77331 
   15300   -2.86061    0.16919    1.44873   -0.08746   -0.39204    0.09159    1.17081 
   15400   -3.18806    0.61344   -0.12230    0.16490   -2.43349    0.83484    0.11983 
   15500   -3.32134   -0.04455    0.03389   -0.38068   -0.33203    0.72773    1.26981 
   15600   -3.05635   -0.20174    0.53424    0.01257    0.09917   -0.47610    0.15768 
   15700   -2.77563   -0.50859   -0.74643   -1.60326    0.33002   -0.93701   -0.21378 
   15800   -3.07770    0.31935    0.45212   -0.37195   -0.10125   -1.15406    0.66073 
   15900   -2.59458    1.32339    0.38782    0.92543    0.56743    0.44310    0.13884 
   16000   -3.00164    0.55816   -0.31333    0.96573   -0.05397    0.75736   -1.36580 
   16100   -2.87583    0.22646   -0.55465    0.48877   -1.32454   -0.30316    0.83749 
   16200   -1.68671   -0.76421   -0.16072    1.02823   -0.65144   -0.38486    0.53009 
   16300   -2.43098   -0.20897   -0.46041    0.15354   -0.00936   -0.38759   -0.47078 
   16400   -2.07092    0.65875    0.20892    0.88228    0.06228    0.58151    1.08626 
   16500   -3.44555    0.17372   -0.06650   -0.22578   -0.44927   -0.47034    0.97532 
   16600   -3.00434   -0.11226    0.30072   -0.06428    0.61820   -0.01273   -0.21254 
   16700   -5.38244    0.04256   -0.06474   -0.05533   -1.09850   -0.87177   -0.27600 
   16800   -2.92516    0.40878    0.24491    0.03350   -0.55683    0.73766    0.09597 
   16900   -3.05484    0.23181    0.93622   -0.83080   -0.29503   -0.22368   -0.28669 
   17000   -2.26648   -0.65202    0.63622   -0.65226   -0.05552    0.82479   -0.17819 
   17100   -3.06451    0.21607    0.12787   -0.21930   -0.10862   -0.28946    0.16151 
   17200   -2.93211    1.08612   -0.13099   -1.09054    0.31800    1.02302    0.96388 
   17300   -2.96165   -0.24916   -0.28809   -0.25128    0.27769    0.55107   -0.35381 
   17400   -2.95462   -0.54994   -0.39134    1.76740    0.36520    1.00147    0.03392 
   17500   -3.26821   -0.56360   -0.60600   -0.53104    0.16291   -0.00832    0.29874 
   17600   -2.94013   -0.41451   -0.42331    0.33002    0.57249    0.01291    0.12088 
   17700   -3.00367   -0.56700   -0.53217    0.58198    0.22882   -0.42276   -1.84251 
   17800   -2.67553   -1.04537    0.87881    0.07347   -0.37516    0.23826   -0.36601 
   17900   -1.31963   -1.69267   -0.44664    0.62065   -1.28802   -0.17202    0.50720 
   18000   -2.73309   -0.19013    0.21530    0.68208   -1.20783   -0.52683    0.94036 
   18100   -2.83517   -0.21308   -0.32647    0.29494   -0.21622   -0.17976   -0.57526 
   18200   -2.95123    0.06050    1.13256   -0.24796   -0.91594   -0.60390   -0.17646 
   18300   -2.73937   -0.21278    0.50044   -0.47932   -0.83476    0.05633    0.28985 
   18400   -2.38706    0.40840   -0.13102    1.00962    0.94809    0.37702    0.45282 
   18500   -2.59463   -1.10878    0.21035    0.72598   -0.02867    0.39661    0.72457 
   18600   -1.67249   -0.52087   -0.63701   -0.22779   -0.48441   -0.17555   -0.15550 
   18700   -1.16815   -0.91491    0.08516    0.18162   -1.00106   -0.29253    0.36028 
   18800   -2.94273    0.35737    0.42694   -0.70920    0.81418   -0.52731    0.74314 
   18900   -3.67052    0.58801    0.95213    0.03935    0.05577    0.10905    0.14735 
   19000   -2.68552   -0.09372   -0.16487    0.05691   -0.17077   -0.24915   -0.36814 
   19100   -3.03070   -0.82764    0.95150   -0.46147    0.41470    0.13257    0.48395 
   19200   -3.93530    0.13064   -0.03996    0.16578   -1.29126   -1.63924    0.72823 
   19300   -2.80152   -0.23525    0.07352   -0.26038    0.42762    0.19559   -0.21171 
   19400   -2.98130   -1.15245    0.68604    0.61962    0.68818    0.02274   -1.10069 
   19500   -2.86382   -0.79067   -0.25269    1.08749   -0.16495    0.57879    0.21825 
   19600   -2.84640   -1.30171    0.31726    0.44862   -0.51044   -1.00036   -0.67297 
   19700   -2.51924    0.22799    0.87630    1.20356    0.50014   -0.06009    0.76001 
   19800   -1.96082    0.21790    0.79870   -0.15728    0.43432    0.51555   -0.65752 
   19900   -2.85963    0.63978   -0.93979   -0.40101    0.66276    0.36015    0.29958 
   20000   -1.92055   -0.11011   -1.17324   -0.28210   -0.03735   -0.59294   -0.24281 
   20100   -2.97267   -0.17142    0.52910   -0.97363   -0.88606   -1.57688    0.30770 
   20200   -1.85669   -0.61197    0.56819    0.44047   -0.16961    0.48083    0.82464 
   20300   -2.45995    0.41374   -0.88122   -0.68221    1.39713   -0.79174   -0.19619 
   20400   -2.94270    0.19726   -0.68872   -0.27631    2.09391   -0.86864    0.27355 
   20500   -0.45996   -0.80015    0.44360   -0.03117   -0.93142    0.19325   -0.18784 
   20600   -3.01815    0.25244   -1.84028    0.68626   -0.61047   -0.09428    0.25656 
   20700   -3.14522   -2.14436    1.24478   -1.18388    0.48445   -0.06452    0.56110 
   20800   -2.55048    0.30977   -0.21815    0.70278    0.19711   -0.44271   -0.00200 
   20900   -2.84386    0.38765    0.40371   -0.24470   -0.38686   -0.00918   -0.31206 
   21000   -3.00088   -0.19132    0.37833   -0.30435   -0.23482   -0.49219    0.29374 
   21100   -3.16966    0.40538   -0.35025   -0.21647   -1.92559   -1.33930   -0.64074 
   21200   -2.89201    0.67484    1.06651    1.31553   -0.50617    0.95279   -0.54423 
   21300   -2.85639   -0.37899   -0.46538    0.07911   -0.00871    0.24361    0.40291 
   21400   -2.89950    1.63129    0.35745   -0.03611    0.14899   -0.88172   -0.47182 
   21500   -2.99904    0.52105   -0.29074    0.60506   -1.55386    0.04639    0.22988 
   21600   -4.93627    0.10069   -0.00967    0.01631   -0.41056    0.53397    0.59118 
   21700   -2.25250    0.24017   -0.04941   -0.33284    0.17337   -0.59838   -0.26759 
   21800   -2.88756   -0.10484    0.26312   -0.57093    0.73365   -0.06165    0.10966 
   21900   -2.87247   -0.05940   -0.79148    1.29505   -0.07715   -0.79136   -0.42051 
   22000   -3.32551   -0.01329    0.17327    0.21372    1.10647    0.19099    0.23051 
   22100   -2.99133    0.19461    0.67867    0.25675   -0.35446   -0.80835    0.41461 
   22200   -3.42977    0.00395   -0.26889   -1.32425   -0.02143   -0.23590   -0.10325 
   22300   -2.67779    0.15608    0.08024   -0.37464   -0.01914    0.85981   -0.43209 
   22400   -3.53932    0.10573   -0.26486   -0.02599    0.02151   -0.25107   -1.85576 
   22500   -2.91131    0.30471    0.53324   -0.07619   -0.46502    0.00115    0.48615 
   22600   -1.81887    0.30145    0.07463   -0.01281    0.20452    0.23298    0.31151 
   22700   -2.90187   -0.19378   -0.79289   -0.59996   -0.49736   -0.04082    0.54486 
   22800   -2.97246   -0.14680    0.28079    0.17975    0.26968    1.21160    0.30157 
   22900   -3.15854   -0.40499    0.14687    0.20115    1.13159   -0.19162    0.05502 
   23000   -3.00913    0.42375   -0.29665   -0.72929    0.73519    0.30297    1.50640 
   23100   -3.17071   -0.18431    0.05796   -0.45030   -1.47243    0.25470    0.98246 
   23200   -3.46652   -0.12672   -0.91849   -0.63376   -0.20596    0.10813   -0.09196 
   23300   -2.94100    0.01451    0.86103    0.56496    0.04771   -0.14125    0.37689 
   23400   -2.31172   -0.51335   -0.12665   -0.31316   -0.35452    0.50678   -0.24593 
   23500   -3.08419    0.43643   -0.44697    0.48112   -0.65542    1.66452   -0.71077 
   23600   -2.95037    1.44330    0.20737    0.92978    0.22163    0.04517    0.42599 
   23700   -2.59708    0.28572    0.65500    0.91682    0.25420    0.24606    0.23719 
   23800   -2.70750    0.00612   -0.59651    0.25996   -0.95937   -0.34777   -0.05691 
   23900   -2.93776   -1.69829   -0.62871    1.22064    0.34600   -0.49393    0.63718 
   24000   -1.79080    0.04688    0.35962    0.29240   -0.14372    0.04254    0.52884 
   24100   -3.02578   -0.50576    0.47330    0.50916    1.37861    0.16372   -0.75242 
   24200   -2.93499   -0.39049   -0.61385    0.22699    0.30400    0.58913    1.09341 
   24300   -2.91936   -0.09881    0.18495    0.03631    0.23375    0.64472    0.07287 
   24400   -3.37210    0.07804   -1.27851   -0.46418    0.12185    0.17328   -0.23332 
   24500   -2.71110   -0.34464    0.62233   -0.89102    0.94678    0.21278   -0.68617 
   24600   -2.89605   -0.62935   -0.37547    0.12055   -0.15214    0.63319   -0.54254 
   24700   -2.75716   -0.07687   -0.60557   -0.41907    0.57413    0.03935   -0.15682 
   24800   -2.89025    0.22143    0.48183    0.14573   -0.87042    0.19261    0.38533 
   24900   -3.53113   -0.48751    0.19096    0.74959   -0.14361   -0.13604   -0.07818 
   25000   -5.26248   -0.19665   -0.67320   -1.26804    0.00331    0.04560    0.09050 
   25100   -3.07008    0.32146   -0.00516   -0.07555    0.33193    0.38874    0.81525 
   25200   -2.50172    0.06350    0.58942   -0.20203    0.69484    0.24631   -0.63473 
   25300   -3.35527   -0.21902   -0.73156    0.07849    0.11434   -0.02706   -0.19149 
   25400   -2.98690    1.72607   -0.63289    0.07179    0.40920    0.13137    0.31773 
   25500   -3.00620    0.68689    0.05544    0.28241   -0.62188    0.42774   -0.41877 
   25600   -4.03949    0.00286   -0.01342    0.11810   -0.32907   -0.24436   -0.23610 
   25700   -0.12742   -0.26483   -0.05785    0.18898   -0.10141   -0.08099    0.34209 
   25800   -2.98573    0.03345   -0.57949   -0.36097   -0.22208    1.00338   -1.02517 
   25900   -2.42781   -0.48719   -0.07464   -0.26751   -0.14401    0.20153   -0.08506 
   26000   -2.80301    0.73054    0.37616    0.52403    0.36506   -0.49450   -0.07137 
   26100   -2.72140    0.17256    0.14353   -0.31963   -0.05319    0.61707   -0.96953 
   26200   -3.11443   -0.54519   -0.34585    0.02900    0.08296   -0.01212   -0.25942 
   26300   -1.88068    0.34598   -0.61740    0.09769    0.23370   -0.30516   -0.25020 
   26400   -2.51954    0.20522   -0.57123   -0.27145    0.83550   -0.12141    0.05213 
   26500   -2.65672    0.74880   -0.82807   -0.78793    0.48902   -0.01814   -0.27432 
   26600   -2.65238    0.52752    0.36375    0.37687    0.01412   -0.21003    1.13316 
   26700   -2.92555    0.41061    0.20585    0.78247   -0.25324    1.58204   -0.43793 
   26800   -2.16694    0.29444   -0.00177   -0.77183    0.16093    0.34060   -1.43400 
   26900   -3.10826    0.25976   -0.37555   -0.45084    0.84479   -1.09905   -2.96272 
   27000   -2.87278    0.57667    0.77763   -0.84573    0.93102   -0.74027    0.16700 
   27100   -2.56235    0.32437    0.31083    0.23836   -0.35741    0.39032    0.17074 
   27200   -2.85834   -0.46607   -0.03574   -0.60582   -0.35166    0.23343    0.42312 
   27300   -2.86015    0.66597    0.36703    1.47684   -0.42496    0.23818    0.48438 
   27400   -2.94076   -0.31914    0.29196    0.22893   -0.36869   -0.10660   -0.79955 
   27500   -4.30157   -0.01906    0.09395   -0.08120   -0.29401   -0.55211    0.23212 
   27600   -3.58668   -0.08989    0.65628    0.19386   -0.09185    0.02554   -0.14374 
   27700   -2.80866   -0.56149    0.86488    0.22083    0.86767    0.57280    0.12133 
   27800   -2.99098    0.90858   -0.09722   -0.52948   -0.25371    0.26224    0.77364 
   27900   -1.81935   -0.04361   -0.17642    0.10506   -0.18843   -0.40348    0.30334 
   28000   -3.05630    0.85748    0.23600    0.07416   -0.35718   -0.23751    0.29036 
   28100   -3.08753    0.00585    0.69770    1.04181   -0.14679    0.15058   -0.50461 
   28200   -3.04001    0.00544   -0.62254   -0.11958   -0.35408    0.79377   -0.01785 
   28300   -3.00459   -0.35387   -0.93195   -0.84659    0.20658    1.37849    0.95449 
   28400   -3.00314    0.62187    0.24596    0.15144   -0.91416    0.49531   -0.14811 
   28500   -2.83216   -0.06037    0.76539    0.38866   -0.73296   -0.44102    0.92152 
   28600   -3.02415   -0.24931    0.39841   -0.04904   -0.19720   -0.51481    0.72581 
   28700   -2.94623    0.19210   -0.65860    0.79466    0.52371    0.25761   -0.11493 
   28800   -2.29174   -0.38301   -0.28884    0.41965    0.00538    0.19351    0.59451 
   28900   -3.39535    0.02843   -0.19954   -0.16775    0.09840    0.80568    0.02711 
   29000   -2.08370    0.80965    0.57745    0.37914    0.82855    0.43592    1.11655 
   29100   -3.06587   -0.51836   -0.17487   -0.51327    0.39967    0.22912    0.04709 
   29200   -3.21028   -0.14003    0.14215   -0.31575   -0.54139    0.67863   -1.71816 
   29300   -2.20715    0.53202    0.63711   -0.14519    1.12229    0.22027    0.06448 
   29400   -3.10143   -0.35076    0.06884    0.13416   -0.05486   -0.02724    0.08874 
   29500   -3.36238    0.81342   -0.08397    0.18363   -0.05758    0.01862    0.22324 
   29600   -2.85996    0.69730   -1.06829   -1.49972   -0.13301   -0.63253   -0.26071 
   29700   -1.38257   -0.14162   -0.08703    0.56128   -0.43826   -0.21310    0.33221 
   29800   -2.65582    0.48211   -0.49555    0.11945    0.62200    0.43350    0.16422 
   29900   -2.94005   -0.45639    0.56676   -0.40838    0.88847   -0.44823   -0.70680 
   30000   -3.17410    0.71050    0.68438    1.06001   -0.28674   -0.08807   -0.43025 
   30100   -2.97574   -0.51346    0.57453   -0.14544    0.33372   -0.05890   -0.33061 
   30200   -1.86932    0.22845   -0.75288   -0.67451   -0.07422   -0.26958   -0.85554 
   30300   -0.76779   -0.02994   -0.40815    0.42434    0.03260   -0.14031    0.33058 
   30400    1.87580   -0.28152   -0.37324    0.14832   -0.11722   -0.39120    0.14599 
   30500   -4.21849    0.02236    0.08942   -0.10405    0.13685    1.00494   -0.49225 
   30600   -3.13317   -0.11088   -0.06105    0.38369    0.37528    0.07629   -0.57364 
   30700   -2.85813   -0.12172   -0.27128    0.38611   -0.62788   -0.48683   -0.47667 
   30800   -2.60654    0.05419    0.21281   -0.23598    0.18248    0.03324    0.07705 
   30900   -2.49718    0.05511   -0.17638    0.05717    0.08366   -0.53790    0.27445 
   31000   -3.51992   -0.26811   -0.69914    0.27373   -0.13581    0.14980    0.05295 
   31100   -5.14476   -0.04735    0.02054   -0.06955    0.06412   -0.55590   -0.45041 
   31200   -3.22151   -0.33541    0.93562   -0.98863    0.39239   -0.14988    0.05821 
   31300   -2.70977   -0.92655   -0.00989   -0.09532   -0.08529   -0.58384   -0.52946 
   31400   -3.36387   -0.54103    0.41655    2.21873   -0.22096    0.12978    0.25066 
   31500   -3.43068    1.81015   -0.11814    1.49727   -0.33982    0.15025   -0.10775 
   31600   -3.13028   -1.03288   -1.47003   -0.73071    0.01624    0.49224   -0.33724 
   31700   -5.52573    0.07420    0.03479   -0.05235   -0.10325   -1.95954   -1.27842 
   31800   -2.96828    0.77407   -0.91293   -0.43472    0.43261    0.20234    0.03596 
   31900   -2.95333   -0.14945   -1.87416    2.73877   -1.67288   -0.13765   -0.50554 
   32000   -3.07476   -1.43025    0.48906    1.32673   -0.20087   -0.56880    0.05923 
   32100   -2.80866   -0.64113    0.86224    0.16361   -0.76818   -0.51764   -0.09864 
   32200   -3.52597    1.17714   -1.11846    1.43800   -0.23951   -0.16502    0.10956 
   32300   -2.92875    0.03257   -0.24392    0.39221   -0.42648   -0.04017   -0.30002 
   32400   -2.51220    0.77561   -0.67089    1.04213    0.70231    0.28054    0.56212 
   32500   -2.49141   -0.15039   -0.30108   -0.29256    0.16161   -0.26661    0.11873 
   32600   -3.97451   -0.09430   -0.08399   -0.16098   -0.45433   -0.94726    1.62803 
   32700   -3.34771   -0.21687    0.15310   -0.12267   -0.71234   -0.59790    0.73739 
   32800   -2.39185    0.15282    0.16221    0.36073    0.15211    0.61794   -0.02990 
   32900   -3.06959   -0.26212   -0.06742    0.12581    0.21960   -0.67270    0.53728 
   33000   -3.08496    0.00817    0.28908    0.09843   -0.20234   -0.43273    0.33329 
   33100   -2.38385    0.02766   -0.79138   -0.63620   -0.56727   -0.65579   -0.04164 
   33200   -2.88212   -0.02549    0.35135   -0.13906   -0.57804    0.14416   -0.84579 
   33300   -3.04177   -0.28057    0.17653   -0.36105   -0.22375   -0.86277    0.40321 
   33400   -3.07632    1.04634    0.70251   -0.34957   -0.43995   -0.36554   -0.24993 
   33500   -2.62214   -0.08612   -0.54057   -0.10834   -0.29119    0.07124   -0.32981 
   33600   -3.03422    0.69123    0.38170    0.15589   -0.33201   -1.59768   -0.17530 
   33700   -3.12209    0.19684    0.32575   -0.26622   -0.15810   -0.33818    0.86127 
   33800    8.07714    0.33075    0.20226   -0.05984    0.34210    0.19375    0.01916 
   33900   -3.10503    0.03195   -0.50182    0.01577   -1.10055    0.30328   -0.88078 
   34000   -3.00952    0.78737   -0.50210   -0.31501   -1.31464   -0.22011    0.92793 
   34100   -3.13699    1.06262   -0.52811   -0.08463   -0.27112    0.40121    0.15280 
   34200   -3.33215    0.34508   -0.03658    0.12659   -1.16077    0.06508   -0.58397 
   34300   -3.11991    0.43382    0.15920    0.39775   -0.31758   -0.13856   -0.20798 
   34400   -3.13906    0.94342    0.61843   -0.13462   -0.15656    0.15142    0.32536 
   34500   -2.62411   -0.27725    0.01354   -0.07033   -0.01795   -0.42996   -0.10937 
   34600   -3.36078   -1.38937    0.16842   -0.62406   -0.27752    0.02300   -0.01521 
   34700   -2.41781   -0.73116   -0.23265    0.67151   -1.12911   -0.82812   -0.00288 
   34800   -2.70109   -0.22830   -0.53003   -0.62540    0.53435   -0.63137    0.14096 
   34900   -2.53523    0.75107   -0.04484    0.37388    0.62876    0.78208    1.00486 
   35000   -2.97786    1.39164   -0.14702    0.03658   -0.84577    0.08106    0.81097 
   35100   -3.00073    0.35535   -0.00806   -0.01319   -0.23198   -0.31036    0.52603 
   35200   -2.99642   -0.35539    0.33860   -0.64282    1.67127    0.69698   -0.00474 
   35300   -2.75288   -1.11007   -0.52489    0.95855    0.31698   -0.41942    0.75228 
   35400   -3.73570    0.22159    1.24501   -0.79442    0.20425   -0.05189   -0.06832 
   35500   -3.34500   -1.12377   -0.14882   -0.76345   -0.07492   -0.13880    0.28667 
   35600   -2.92203    0.80209    0.39085    0.41389    0.29706   -0.03220   -0.04175 
   35700   -3.18558   -0.64671    0.58644   -0.15685    0.03366    0.09114    0.27136 
   35800   -3.00575    1.87027    0.67834   -0.26882    0.48988   -0.05133   -0.14427 
   35900   -2.93948   -0.91566   -0.56802    0.61235   -0.27139    0.37341   -1.29369 
   36000   -2.92671   -0.02394   -0.46509    0.12942    0.97558   -0.95333    0.72379 
   36100   -3.14022    0.53573   -0.58433   -1.42528   -0.05352    0.39276    0.45528 
   36200   -2.96599    0.48920   -0.11818   -0.73832    0.19267   -0.23015    0.54326 
   36300   -2.99064    0.37731    0.04139    0.22639   -0.48453    0.26844    0.06125 
   36400   -2.05270    0.46691    0.36963   -0.47174    0.77022   -0.18303   -0.59119 
   36500   -3.34412    0.28601   -0.82198   -0.76511    0.27543    0.06302    0.04926 
   36600   -2.79421   -0.25155   -0.69168   -0.02773   -1.25319    0.13950    0.03754 
   36700   -1.85234   -0.30744    0.45787    0.08959   -0.12709    0.21077    0.43507 
   36800   -3.01281   -0.27052   -0.57578   -0.52402    0.42492    0.40230   -0.00255 
   36900   -2.77760   -2.85461   -0.67383   -0.93377   -1.13442   -0.23803   -0.13193 
   37000   -2.20628   -0.25988    0.69842    1.11814    0.47572    0.87416    0.74698 
   37100   -2.17002   -0.30540   -0.28618    0.39723   -0.58018    0.24573    0.57270 
   37200   -3.07181   -0.10206    0.43865    0.33620   -0.25660   -0.43335   -0.90628 
   37300   -2.91934    0.25651    0.12706    0.43712   -0.02410   -0.30087    0.01030 
   37400   -4.40113    1.35474    1.22540   -0.38874   -0.01768   -0.11421    0.10404 
   37500   -2.95004   -0.49181    0.02488   -0.12183    0.34924    0.22254   -0.23551 
   37600   -3.88002   -0.10970    0.02273   -0.02495    0.13641    0.16806    0.31812 
   37700   -2.91516    0.05015   -0.29787    0.46617    0.11135   -0.33241   -0.56250 
   37800   -3.03865    0.10337   -0.41261    0.26195   -1.06015    0.33061    0.30187 
   37900   -2.96070    0.65512   -0.11675   -1.27383   -0.66832    0.15403   -0.21642 
   38000   -2.93714   -0.48189    1.17789    0.28523    0.61222   -0.03776    0.43683 
   38100   -2.93777   -0.53043    0.20109   -0.64402    0.71103    0.61832    0.22072 
   38200   -2.82977   -0.34548    0.90772    0.64504   -0.07747   -0.71179    1.03454 
   38300   -3.11134   -0.73449   -0.20136   -0.29191    0.41035    0.19412    0.15288 
   38400   -3.04345   -0.48065    0.05142   -1.07769    0.37017    0.38485    0.36683 
   38500   -3.06067   -0.03859    0.33203   -0.07569    0.13514   -0.01877    0.11008 
   38600   -1.20364   -0.22271   -0.15602   -0.00395   -0.40266   -0.19401   -0.24088 
   38700   -2.84808   -0.47404   -0.05393    0.76565    1.10697   -0.52835    0.96400 
   38800   -1.96080   -0.74596    1.00952   -0.48219   -0.41376    0.65014   -0.07365 
   38900   -5.80863   -0.04378    0.06057    0.03530   -0.96751   -0.88466   -0.24526 
   39000   -1.99618   -0.19409   -0.25502   -0.06959    0.17098   -0.43980    0.00135 
   39100   -3.02534   -1.10223   -0.46456   -0.45858    0.49266   -0.30380    0.40361 
   39200   -3.10436   -0.33748   -0.12638   -0.29998    0.97334   -0.59163    0.05078 
   39300   -3.07188    0.14623    0.73762    0.65884    0.18305    0.00786   -0.43477 
   39400   -2.79961    0.13344   -0.50246   -0.19213    0.78014   -1.05899    0.60122 
   39500   -2.91401   -0.00847    0.59566    0.31975   -0.68776   -0.37898    1.33242 
   39600   -2.35651   -0.35439   -0.38017   -0.46717    0.05424   -0.23751   -0.18019 
   39700   -3.01658    1.30931   -0.27658   -1.27199   -1.01516   -0.15872    0.40193 
   39800   -2.46631   -0.02288   -0.14878   -0.77214   -0.05984   -0.03342   -0.25835 
   39900   -2.70173   -0.59917   -0.27302    0.38908    0.19913    0.27320    0.69512 
   40000   -3.07183    0.11534   -0.23408   -0.63655   -0.22628   -0.03670   -0.07366 
   40100   -1.21301    0.51693    0.43622    0.49321    0.74058    0.75279    0.31117 
   40200   -2.30449   -0.65048   -0.19866    0.70765    0.02188   -0.35473    0.50776 
   40300   -0.70220   -0.23564   -0.27956    0.28143   -0.41945   -0.05199    0.31816 
   40400   -3.03043    0.76590   -0.05586   -0.18498   -0.92638   -0.12968    0.16842 
   40500   -2.77954   -1.38823    0.68911    0.08831    0.05433    0.74148    0.61528 
   40600   -2.95726    0.13121   -0.00881   -0.27816   -0.47112    0.48744   -0.39687 
   40700   -2.44901    0.37923    0.64048    0.59984    0.35316    0.57182   -0.23250 
   40800   -2.97113   -0.52093    0.73170   -0.06788   -1.08623   -0.50934    1.83349 
   40900   -3.90159   -0.05961   -0.03204    0.14005   -0.05356   -0.87389    0.00810 
   41000   -2.97935    0.37760    0.18615   -0.21823   -0.30164   -0.04610   -0.15397 
   41100    0.32228    0.50285    0.41026    0.27585    0.44530    0.48426    0.05084 
   41200   -3.00047    0.52047   -1.00975    0.10207    0.02044    0.70133   -0.48478 
   41300   -3.08374   -0.09103    0.29194    0.22281   -1.06802   -0.18506   -0.14801 
   41400   -3.03834    0.25797   -1.11933    0.13324    0.43205    0.23818    0.03475 
   41500   -2.07290    0.24839   -0.30982   -0.19952    0.52543    0.09927   -0.32331 
   41600   -3.03624   -0.65581    0.66434   -0.45129    0.27435    0.25914    0.25042 
   41700   -2.81150   -0.06927    0.23054    0.61538    0.71111   -0.23435    0.06924 
   41800   -2.66316   -1.61257   -0.40582    0.30844   -0.48262   -0.59573   -0.08768 
   41900   -3.05250    0.24520   -0.05074   -0.68375   -0.53724   -2.17929    0.10812 
   42000   -3.06333    1.52880   -0.55776   -0.24677   -0.58366   -0.37224    0.12240 
   42100    0.19563   -0.13485   -0.25927    0.41077   -0.15326   -0.08006    0.56812 
   42200   -3.38195   -1.31926   -0.65877   -0.19376    0.12243    0.29287    0.14377 
   42300   -3.15841    0.19462    0.69429   -0.44567   -0.04023   -0.33519   -0.12654 
   42400   -2.85971    0.06799    1.51915   -0.31211   -0.54381    0.27394    0.69761 
   42500   -2.57532   -0.76353   -0.30419    0.72494   -0.06262   -0.84990    0.18277 
   42600   -3.09000    0.47200    0.43011    1.66033   -0.12674   -0.32294   -0.67513 
   42700   -2.91483   -0.95513    0.89761    0.71265   -0.26549   -0.34509    0.42934 
   42800   -2.55257   -0.36712   -0.19765   -0.65857    0.31412   -0.66176   -0.31065 
   42900   -2.70476    0.15271   -0.12107    0.39213    0.79748    0.11284    0.96930 
   43000   -3.13344   -0.22288   -0.01242    0.45780    0.31639   -1.27803   -0.65092 
   43100   -3.28899    0.57719   -0.06264    0.27413   -0.15603   -0.18532   -0.00495 
   43200   -2.97768    0.62206   -0.46807   -0.40671    0.03393    0.65111    0.33493 
   43300   -2.98192   -0.20925    0.97460    0.69208    0.07863    0.32104   -0.34365 
   43400   -2.93357    1.85831   -0.50304   -0.30872   -0.31881   -0.85866    0.71193 
   43500   -2.76751    0.37280    0.71368   -0.15097    0.27079   -0.00301    0.60175 
   43600   -3.08868    0.54932    0.13352   -0.30866    0.10707   -2.11582   -0.32284 
   43700   -2.82092    0.18416    0.57905    0.02374    0.62306   -0.25644   -0.46791 
   43800   -3.16317   -0.12549   -0.28009    0.22850    0.12395   -0.07035   -0.08438 
   43900   -3.04604   -0.48462   -0.58569   -0.57617    0.11486   -0.28529    0.18486 
   44000   -3.03774   -0.19652    0.05866    0.23444    0.06318    0.13234   -0.18095 
   44100   -4.81133    0.00796    0.11240    0.02998   -1.11611   -0.44305   -0.31184 
   44200   -3.90397    0.23477    0.31865    0.43856    0.02451   -0.02790   -0.14384 
   44300   -3.06088   -0.24009    0.91122   -0.31600   -0.18048   -0.06699    0.38488 
   44400   -2.84990    0.71968    0.20040    0.23434   -0.08524   -0.79995    0.49834 
   44500   -2.60168    0.35212    0.44762   -0.30401    0.35827    0.37752    0.55637 
   44600   -1.12959   -0.05108   -0.13073    0.28541    0.09006   -0.36761    0.17752 
   44700   -2.70396   -0.02504   -0.97757   -0.01776   -0.24079   -0.20221   -0.32352 
   44800   -3.15146   -0.19094   -0.04374    0.12136   -0.92765   -0.20273    0.02131 
   44900   -2.48090    0.23663    0.18431   -0.39554   -0.02293   -0.36098   -0.30108 
   45000   -3.08508   -0.34171   -0.43694    1.75820   -0.54974    0.15568   -0.11032 
   45100   -3.18843    0.42783    0.04302   -0.31417    0.70020   -0.68674    1.88709 
   45200   -2.76090    0.87015   -0.40327   -0.38621    0.02462    0.22437   -0.55261 
   45300   -2.94192   -0.10187    1.73466    0.20220    1.41244   -0.77132    0.76984 
   45400   -3.14556   -0.43420    0.25412    0.00436    0.83766   -0.65441    0.55768 
   45500   -3.28071    0.07884    0.28184    0.20123   -0.36217   -0.83557   -0.37876 
   45600   -2.65921   -0.39578    0.18294   -1.16855   -0.25254    0.20931   -0.30825 
   45700   -3.05990   -0.99949    0.18283    0.23060    0.59140    0.00357   -0.28460 
   45800   -3.01074   -0.52888   -0.08446   -0.12930    0.40489    0.91280   -0.21268 
   45900   -3.41076   -0.20348    0.77419    1.39961   -0.21215   -0.23020   -0.13111 
   46000   -2.24259    1.24724   -0.50643   -0.12440    0.96638    0.15037    0.30836 
   46100   -2.81370   -0.14592    0.30221    0.64870    0.50378   -0.05402    0.08394 
   46200   -3.15794    0.20888   -0.12003    0.29811   -0.84292    0.28111   -0.06710 
   46300   -2.96863    0.57233    0.25246    0.69326    0.25879   -0.45506   -0.97463 
   46400   -4.10791   -0.06366   -0.09178   -0.07413   -0.10027   -0.42496    0.61382 
   46500   -2.25750   -0.17081   -0.57098    0.67774   -0.44055    0.00007    0.42428 
   46600   -2.77269    0.22468   -0.70065   -0.49739    0.48217   -0.11164    0.27262 
   46700   -2.79191   -0.49531    0.00003   -0.71749   -0.26269    0.26821    0.01185 
   46800   -2.90190    0.31953    0.65515   -0.82505    0.34319    0.42636    0.87115 
   46900   -2.89893   -0.60461    0.56418   -0.52160    0.09004   -0.39311   -0.39747 
   47000   -4.06833   -0.13859   -0.06928    0.03506   -0.05406   -0.42713   -1.00635 
   47100   -2.86740    0.64849   -0.53330    0.30359   -0.72253   -0.88721   -0.36245 
   47200   -2.77259    0.16205    0.27435    1.03587   -0.22063   -0.62501    0.32014 
   47300   -2.43048    0.23058   -1.12758   -0.23909   -0.53579   -1.18479    0.44609 
   47400   -2.99993    1.03987   -0.46855    0.14990    0.13116   -0.03424   -0.39432 
   47500   -2.62506    0.00716   -0.27825    0.09865    0.45767   -0.01423    0.01507 
   47600   -4.12463   -0.10652   -0.00042    0.14637    0.64853   -1.46372    1.13031 
   47700   -3.05275   -0.63346    0.62393    0.29080   -1.51981   -1.25536   -2.34471 
   47800   -1.33758   -0.19271    0.26766    0.53738   -0.16126    0.08768    0.25313 
   47900   -3.01063   -0.13138   -0.38813    0.14171   -0.13894    0.53643    0.14675 
   48000   -0.57480   -0.53109   -0.63199    0.56745   -0.33836   -0.37041    0.52354 
   48100   -5.55694    0.76724   -0.57159    0.11752   -0.00201    0.07911   -0.03079 
   48200   -2.98804   -0.39280   -1.19102   -0.06699    0.41004   -0.20418    0.14923 
   48300   -2.82342   -0.06629    0.38000   -1.32262    0.67321    0.54810   -0.01598 
   48400   -3.02681   -0.23036    0.08081   -0.22577   -0.06149    0.03291    0.51853 
   48500   -3.28508   -0.96742    0.09022   -0.48055   -0.18281   -0.08136    0.18475 
   48600   -3.09044   -1.27755   -0.62995    0.58557    0.44124    0.04489    0.36556 
   48700   -3.02894    0.51119   -0.02358   -0.13605   -0.56111   -0.17762   -0.12781 
   48800   -3.23133   -0.02953   -0.19140   -0.02276   -0.55232   -0.50169    0.22943 
   48900   -3.11206    0.14163   -0.06052    0.71297    0.02692    0.14153    0.14060 
   49000   -3.04757   -0.28740   -0.19160    0.23599   -1.47247    0.22749    0.67068 
   49100   -2.76964   -0.15723    0.85405    0.38538   -0.76324   -0.26025    1.07032 
   49200   -2.99353    0.89615    0.10827    0.53769   -1.41664    1.51000    0.22770 
   49300   -1.83775   -0.72911   -0.65632    0.06123   -0.85639   -0.20346   -0.28675 
   49400   -2.59964   -0.96051    0.24298    0.42242   -0.15419    1.02330    0.26210 
   49500   -3.00302   -1.19858    0.58469   -0.25155    1.23186   -0.27933    0.09222 
   49600   -2.82320    0.59611   -0.09821   -0.33029    0.03469    0.57289    0.10909 
   49700   -3.09565   -0.34300   -0.08735   -0.69449    1.46005   -2.03041    0.76633 
   49800   -2.98390   -1.63896   -0.52812    1.52560    0.83458   -0.75922   -1.06136 
   49900   -2.11246    0.15006   -0.27711   -0.07924   -0.12514   -0.29621    0.22969 
   50000   -2.94535   -0.71442   -0.73935    0.67878    1.11696   -1.98970   -1.08563 
   50100   -3.73798    0.63762   -0.74895   -0.07747   -0.15799   -0.07678    0.08114 
   50200   -3.00969    0.77073    1.37988   -0.31885   -0.18488   -0.53515   -0.59915 
   50300   -2.65693   -0.38929    0.66577    0.58993    0.09392    0.83928   -0.41090 
   50400   -2.74773   -0.17586    0.16518    0.32077   -0.23051    0.06206   -0.24978 
   50500   -2.42530    0.27399    0.57697   -0.15170    0.34490    0.07805    0.16983 
   50600   -3.04527   -0.13663   -0.28231    0.05689   -0.06748    0.16459   -0.62616 
   50700   -2.66022    0.10457   -0.63768   -0.20202    0.25454    0.00835   -0.95676 
   50800   -3.85692    0.00152    0.06621   -0.11342    0.32646   -0.31283    0.10817 
   50900   -3.01688   -0.43769   -0.18430    0.35278    0.59099    0.15337   -0.02032 
   51000   -2.49846    0.78152   -0.01177   -0.31979    0.08478   -0.10987   -0.43733 
   51100   -3.00857    0.87444   -0.81127   -0.53485   -0.81834    0.20087    0.53825 
   51200   -3.10886   -0.09729    0.21341   -0.05117    0.54176    0.51817    0.08992 
   51300   -4.70454   -0.45429    0.90226    0.27664   -0.05605   -0.00162    0.09799 
   51400   -2.84000   -0.39752   -0.12229    0.84879   -0.14045   -0.85103   -0.30011 
   51500   -2.90000    0.88477   -0.94216   -0.31569   -0.08973   -0.27537   -0.39057 
   51600   -2.98300    1.63702    0.74514   -0.97857   -0.19757    0.28605    1.10602 
   51700   -2.71759   -0.29162    0.37895    0.40985    0.12805   -0.26837    0.35218 
   51800   -2.00123    0.18863   -0.25744    0.48893   -0.14764   -0.20638    0.21252 
   51900   -3.03033    0.37879   -0.24852   -0.49249   -0.04335    0.41044    0.23685 
   52000   -4.21934   -0.02072   -0.12603   -0.08583   -0.33164    1.06251   -0.35333 
   52100   -2.79869   -0.02063    0.87832   -0.31841   -0.81878   -0.17324   -0.97145 
   52200   -2.88546   -0.01025    0.04742   -0.31257    0.76276    0.05092   -0.33327 
   52300   -2.64676    0.22252   -0.42315   -0.89573    0.28797    0.78384   -0.83227 
   52400   -3.13726   -0.19883   -0.52375   -0.25413    1.17953    1.34781   -0.59958 
   52500   -3.09116   -0.13627   -0.00333    0.20844    0.00857    0.67816    0.50365 
   52600   -2.92812   -0.29456    0.11682    0.21242    0.53469    0.30983    0.46606 
   52700   -2.07890   -0.32157   -0.50080   -0.59521    0.03823   -0.12480   -0.43163 
   52800   -2.89332    0.13070    0.02074    0.78850    0.46974   -0.84147   -0.32079 
   52900   -3.27061   -1.08384   -1.45583   -1.70377   -0.12909   -0.41252    0.02791 
   53000   -2.96113    0.00043    0.44811   -0.52221    0.73436   -0.24276    0.42967 
   53100   -2.98655    0.46788    0.82728    0.07385   -0.52644   -0.58641    0.55201 
   53200   -2.87751   -0.14776   -0.30692    0.26823   -0.17896   -1.37922    0.45484 
   53300   -3.04129    0.05040   -0.37929   -0.08857   -0.54897   -1.43842    0.10325 
   53400   -3.01246    0.33766    0.85874   -0.05711   -0.73921   -0.91301   -0.39062 
   53500   -3.15566   -0.23431    0.02072    0.14315    0.49126    0.31902    0.19331 
   53600   -2.66613   -0.02950   -0.99703   -0.66073    0.47303   -0.31370   -0.14171 
   53700   -2.97482   -0.32772   -0.47391   -0.59556    1.34922    0.15133    0.01450 
   53800   -2.85659   -0.07752    1.16548   -0.23733    0.41859    0.18115    0.48051 
   53900   -2.96338   -0.04570   -0.61330   -0.13264    0.26729   -0.01402    0.13171 
   54000   -2.82867   -0.55736    0.06257   -0.40520   -0.22337   -0.23351    0.43435 
   54100   -2.92155    1.02171    0.47159   -0.01883   -0.38668    0.01539    0.88674 
   54200   -3.00527   -0.27612    0.31046    0.43383    0.47803    0.03974   -0.36441 
   54300   -3.75001   -0.04049   -0.49285    0.61213    0.06290    0.15535    0.05148 
   54400   -2.50733   -0.38481    0.16021    0.35250   -0.65736   -0.34641    0.95998 
   54500   -2.89641   -0.27806    1.00575    0.80091    0.51406    0.42085   -0.50292 
   54600   -2.36655   -0.18418    0.16945   -0.11761   -0.19679    0.25278   -0.60776 
   54700   -2.66890    0.60920    0.73527    0.17386    0.41755    0.00243   -0.21583 
   54800   -4.12982   -0.18148   -0.21786    0.39650   -0.07750   -0.01870   -0.07822 
   54900   -2.51649    0.07982   -0.03145    0.26945    0.15854    0.19714   -0.04558 
   55000   -2.76772    0.25153    0.48673   -0.09975   -0.09922    0.30577    0.79864 
   55100   -2.84224   -0.35192   -0.35191   -0.32241   -0.79031    0.68593   -0.01606 
   55200   -2.99418    0.58159   -1.37169   -0.21018    0.28688    0.62487   -0.45117 
   55300   -2.98803    0.18808    0.90142   -0.45506    0.41472   -0.59830    0.58908 
   55400   -3.12049   -1.20646   -0.27709    0.05015    0.39871    0.33755    0.14534 
   55500    0.08715    0.17629   -0.73685   -0.70212    0.32699   -0.54805   -0.84193 
   55600   -2.86299   -0.60929   -0.04288    0.79114   -0.41621   -0.31042   -0.42499 
   55700   -2.62037    0.23122   -0.58716    0.38050    0.90540   -0.28989   -0.29543 
   55800   -2.17944    1.07006   -0.36812   -0.63089    0.64983    0.00202   -0.19468 
   55900   -2.94064   -0.35850    0.54799   -0.70912    1.59532    0.27709   -0.06630 
   56000   -2.99332   -0.55850    0.11159   -1.37956   -0.34778    0.03796    0.99987 
   56100   -2.99539    0.53827   -0.93595    0.12947   -0.41858    0.41627   -0.61100 
   56200   -3.11732    0.38682    0.77609    0.75616   -0.19779   -0.06152   -0.47526 
   56300   -3.01516   -0.33471    0.66273    0.28422   -0.28415   -0.25719   -0.10414 
   56400   -3.54217   -0.06324    0.01857    0.22827   -0.29485   -0.52851   -0.72617 
   56500   -2.12307   -0.57692    1.06164   -0.06504   -0.32695    0.79702    0.58875 
   56600   -3.56161   -0.24923   -1.38052    0.60664   -0.03952   -0.12903    0.19737 
   56700   -2.64670   -0.08629    0.11793   -0.40415    0.34999    0.78438   -0.52165 
   56800   -2.39378    0.54909    0.46696   -0.13781   -0.09209    0.89942   -0.38415 
   56900   -3.01999   -1.30044   -0.63394   -0.15767    0.03707   -0.45450   -0.06442 
   57000   -2.49883   -0.43718   -0.19386   -0.06041   -0.13221   -0.43547   -0.66727 
   57100   -1.61507    0.52196    0.19418    0.89975    0.01806    0.29046    0.82519 
   57200   -2.64576   -0.41090    0.32647   -0.61063   -1.18094   -0.48495   -0.36144 
   57300    5.81459   -0.00771    0.72336   -0.10443    0.00494    0.76109   -0.00727 
   57400   -3.03337   -0.36449    0.58737   -0.36293    0.09958   -0.47522   -0.11881 
   57500   -2.87697   -0.70818   -0.21318   -0.25104   -0.11832    0.11355    0.91758 
   57600   -3.19773   -0.27188   -0.00006   -0.22392   -0.72247    0.54470    0.84153 
   57700   -3.35509   -1.20377   -0.44212    1.12981    0.20134   -0.06814    0.26510 
   57800   -2.37741   -0.46785   -0.38285    0.32994   -0.27087   -0.01765    0.05100 
   57900   -2.97721    0.28231    0.65677    0.98011   -0.34704    0.23715   -0.97480 
   58000   -2.35674    1.61978   -0.39739    0.86136    0.71513   -0.72268    0.56273 
   58100   -2.93147    0.69977    0.03453   -0.55513   -0.55094    1.61398   -0.60835 
   58200   -3.00995    0.67760   -1.00974    1.07262   -0.80373    0.30620    0.04066 
   58300   -2.84878    0.25839   -0.22885    0.20560    1.15130    0.11600    0.27292 
   58400   -2.74805    0.60529   -1.27088   -0.29309   -1.11926   -1.21829   -0.09312 
   58500    0.38281   -0.73261    0.09895   -0.94957   -0.62686   -0.10173   -0.82230 
   58600   -2.88293   -0.48938   -0.30751    0.65107    0.25589    0.07171    0.29602 
   58700   -2.95851   -0.29550   -0.40147    0.31210    0.28628   -0.13613   -0.21191 
   58800   -2.67988   -0.64172   -0.29827    0.15029   -0.20694    0.03952   -0.42538 
   58900   -3.46455   -0.14108   -0.15834   -0.16572   -1.24094    0.58554   -0.55580 
   59000   -2.18018    0.47944   -0.19028   -0.42639   -0.10707   -0.19502   -0.60307 
   59100   -3.27437    0.49405    0.14011   -0.49822   -0.02394   -0.19247   -0.09798 
   59200   -3.46930   -0.11445   -0.25844    0.02799   -0.09310   -1.85861    0.04585 
   59300   -2.93657    0.51760   -0.70862    0.43113    0.20814    0.17497   -0.70854 
   59400   -2.86894    0.44725    1.18094   -0.45978    0.76832    0.35102    1.52195 
   59500   -3.03985   -0.39184    0.20937   -0.46094    0.44130   -1.07453    0.25172 
   59600   -1.90309   -0.04933   -0.30449    0.49165   -0.23929    0.12065    0.74080 
   59700   -2.83494    0.11528   -1.10720   -0.26547   -0.55308    0.00737   -0.44957 
   59800   -2.91849    0.18433   -0.35466   -0.06925    0.07724   -0.55294    0.91363 
   59900   -3.19777   -0.10672    0.37521    0.32185    0.84407   -0.04990   -1.49074 
   60000   -3.04431   -0.01974   -0.40907   -0.29488   -0.18568    0.53271    0.14852 
   60100   -2.74480   -0.85132   -0.73587    0.49774   -0.89592   -0.10791   -0.86350 
   60200   -3.04863    0.75573    0.55237   -0.14252   -0.19107   -0.21571   -0.36595 
   60300   -2.33117   -0.30859   -0.08668    0.26070    0.12856   -0.38951    0.46377 
   60400   -2.96760   -1.81614    1.74688   -0.09651    0.75677    0.22049   -1.03389 
   60500   -3.27849    0.11500   -0.04380   -0.36161    0.94044   -0.20032   -2.01770 
   60600   -2.94171   -0.26492    0.55338    0.03413   -0.20601   -0.19700    0.17770 
   60700   -2.99329    0.63624   -0.80344   -0.55781    0.08798    0.72983   -0.04837 
   60800   -3.42746    0.22627   -0.04074    0.11607   -0.25848    0.38021    1.09805 
   60900   -2.55793    0.77650    0.28449   -0.05029    1.12759   -0.70512    0.02192 
   61000   -2.92905   -0.05592    0.05934    0.35108    0.37749   -0.30351   -0.11216 
   61100   -3.00315   -0.57739   -1.01121    1.23000    0.70381   -0.12301    0.05594 
   61200   -4.02509   -1.09423    1.18668   -0.90724    0.08582    0.13015    0.11445 
   61300   -2.43299    0.68865    0.62756    0.08705    0.15899    0.44317    0.76390 
   61400   -3.05129   -0.09233   -0.66098   -0.14628    0.09482    0.59540    0.00735 
   61500   -3.04057    0.34882    1.08362   -0.40687   -0.29472   -0.02906   -0.33424 
   61600   -3.03186   -0.27610   -0.56533    0.18782    0.29975    0.34746    0.16671 
   61700   -2.80545   -0.84986   -0.80255    1.84907    0.82440    0.01798    1.04748 
   61800   -2.38905    0.50726    0.03433    0.13720    0.08176    0.04491    0.62551 
   61900   -2.78126   -0.31334    1.12206   -0.21432    1.07077    0.48407   -0.80883 
   62000   -3.12784   -0.43002    0.67071    1.14353    0.27256   -0.37354   -0.36016 
   62100   -2.89921   -0.56706    0.13790    1.04267    1.17258   -0.19719    0.31780 
   62200   -2.99222   -0.40223    0.37774    1.66044   -1.28520   -2.94577   -1.83735 
   62300   -2.82182    0.53452    0.45617    0.80929   -0.17665    0.56838   -0.09955 
   62400   -2.95555    0.21263   -0.62045   -0.52790   -1.11349    0.48292   -0.14187 
   62500   -2.94609    1.05793    0.36596   -0.47978   -0.84637   -1.16109   -1.35587 
   62600   -2.63440   -0.03669   -0.65054   -0.05465    0.30912   -0.14406    0.48350 
   62700   -2.93572   -0.59432   -0.75442   -0.21382    0.65576   -0.48077    1.44239 
   62800   -3.08550    0.26635   -0.25599   -0.00676   -0.37085    0.16964    0.12368 
   62900   -2.95536   -0.09087    0.00728   -0.53240    0.44496    0.19432    0.25150 
   63000   -3.45771    0.05188    0.22741    0.12272    0.24272   -0.87352   -0.17211 
   63100   -2.82764    0.06188   -0.25117   -0.64428   -0.15367   -1.10481    0.29277 
   63200   -2.97004    0.58743    0.21898   -0.89529   -0.77663   -0.56714    0.11298 
   63300   -3.14070   -0.23536    0.25807    0.35135    0.05575    0.19638   -1.29892 
   63400   -2.22765   -0.64222   -0.21595   -0.42815   -0.27810   -0.11092   -0.09176 
   63500   -2.81545   -0.08233   -0.33984    0.11107   -0.87691   -0.15164    0.24028 
   63600   -3.03692   -1.34737    0.11779    0.02678    0.55285   -0.46461   -0.22979 
   63700   -2.63072   -0.54601    0.64698   -0.32981    0.02566    0.05116   -0.50807 
   63800   -2.36028    0.09556    0.03213    0.20504    0.05245   -0.33465    0.41993 
   63900    2.01778    0.20395   -0.11042   -0.37585    0.25813   -0.26356   -0.39062 
   64000   -2.88074   -0.28880   -1.16103    0.82540    1.51903    0.42019    1.52118 
   64100   -2.99264   -0.28750   -0.29921    0.03169   -0.47744    0.69565   -0.20870 
   64200   -3.26727   -0.36464    0.65439   -0.76616   -0.24297   -0.00854    0.19372 
   64300   -2.84536   -0.45727   -0.48730    0.34664   -0.16076    0.21931    0.21849 
   64400   -3.87439   -0.05759    0.16087   -0.01100   -0.43174    0.75157   -0.78953 
   64500   -4.23672    0.67306   -0.52587   -0.24747    0.07654   -0.08165   -0.05208 
   64600   -2.40317   -0.37827    0.56592   -0.37405   -0.75849   -0.14534   -0.54620 
   64700   -2.94709   -0.41790   -0.35948    1.41668   -0.28119    1.25689   -0.47806 
   64800   -2.80752   -0.12174   -0.36636    0.75617    0.57576    0.79811    0.55945 
   64900   -2.74014    0.37698    0.91678    0.56764    0.55236   -0.00504    1.93013 
   65000   -2.61222    0.30473    0.18905    0.53622   -0.45092    0.75184    0.48817 
   65100   -3.15866   -0.20098    0.22820   -0.11665    0.68806    0.60961    0.30342 
   65200   -0.39604    0.85891    0.24249    0.01181    0.86619    0.07462   -0.25327 
   65300   -1.44571    0.40769   -0.35971   -0.33133    0.51608   -0.42012    0.07175 
   65400   -4.75246    0.09783    0.04509    0.02530   -0.02867   -0.59203    0.75618 
   65500   -2.89167   -0.48689   -0.54512    0.87063   -0.12029    0.98155    0.23180 
   65600   -2.93479    0.58493    0.66833    0.25202   -0.02022   -0.83925    0.56755 
   65700   -4.18695   -0.05716   -2.09246    0.96855    0.13358   -0.02684    0.11769 
   65800   -2.80244    0.17826   -0.05872   -0.93776    0.13290   -0.34959   -0.12602 
   65900   -2.89472   -1.01242    1.04548    0.52368    0.32169    0.34189    0.48008 
   66000   -3.01895    0.25645    0.52050    0.69737    0.20364   -0.50649   -0.26194 
   66100   -2.76652    0.12711   -0.05008   -0.17304   -0.26948   -0.11928   -0.05907 
   66200   -2.80688    0.73073   -0.50072    0.77807   -0.18892   -0.53809    0.09758 
   66300   -2.87402   -0.35144   -0.98854   -0.85987    0.17287    0.64703   -0.70571 
   66400   -2.49536   -0.59180    0.96361   -0.16991    0.08988    0.47633   -0.45922 
   66500   -2.64123    0.28578    0.20933   -0.33636    0.22223   -0.01575    0.09153 
   66600   -2.72277   -0.88080   -0.28132    0.38935   -0.67549   -1.05011   -0.78208 
   66700   -2.99416    0.85284   -1.29845    0.62158   -0.67491    0.58177   -0.98542 
   66800   -2.88036    1.28604    1.28900    1.07943    0.37605    0.31097    0.38142 
   66900   -2.41895   -0.05907    0.67126   -0.45276   -0.44153    0.02814   -0.43503 
   67000   -2.81225   -0.74427    0.37824   -0.67842    0.50284    1.02176   -0.06639 
   67100   -2.56696    0.15455   -0.79417    0.25384    0.65041   -0.11563    0.01879 
   67200   -3.08355   -0.06749    0.94486    0.94352    0.24444   -0.37160    0.21611 
   67300   -2.85003    0.06742    0.06337    0.36865    0.75191    0.38873   -0.01778 
   67400   -3.11111   -0.01978    0.96803   -0.48938    0.16845   -0.41328    0.30687 
   67500   -3.17818    0.21532    1.40037   -0.05754   -0.02806   -0.15284    0.41563 
   67600   -3.00039    0.06877   -0.09964   -0.50533   -0.50481    0.44753    0.32556 
   67700   -2.95391   -0.46589   -0.00341   -1.07369   -0.63527    1.44192    0.99258 
   67800   -3.11599    0.03593   -0.29551    0.23226   -0.11291    0.26496   -0.07851 
   67900   -2.78622    0.41037   -0.37648   -1.20927   -0.14165    1.30296   -0.92646 
   68000   -2.67554    0.83002   -0.50551    0.40531    0.93961    0.80251    0.52331 
   68100   -3.08423   -0.41686    0.71726   -0.10184    0.27808   -0.34285    0.25299 
   68200   -1.79771    0.03878    0.27847   -0.25574   -0.25316    0.57154   -0.14368 
   68300   -2.42950   -0.24654    0.29928    0.58541    0.05924    0.59526    0.00916 
   68400   -4.00644    0.11965   -0.04980   -0.03039    0.21928    0.54941   -0.34765 
   68500   -3.49055   -0.04414    0.94055   -0.46113    0.14470   -0.09679   -0.16161 
   68600   -2.69352    0.00314    1.39170   -0.57648    0.56542    0.46172   -0.06892 
   68700   -2.94968    1.02617    0.29789   -0.11432   -0.18984   -1.50618   -1.03901 
   68800   -2.65251   -0.04113   -0.77265   -0.31858    0.15902    0.08566   -0.90389 
   68900   -2.89705    1.74314    0.42315    0.98702   -0.06158    0.27708    0.75221 
   69000   -2.94832   -0.67687   -0.62375   -0.02172   -0.67261    1.28435    0.71862 
   69100   -2.44970   -0.38502   -0.86324   -0.38668   -0.06608   -1.44982    0.39837 
   69200   -2.90242    0.85743   -0.34302   -0.55823    0.39110    0.76574    0.75614 
   69300   -2.87285   -0.14991   -0.21809    0.65382   -0.49325   -0.05126   -0.31726 
   69400   -3.03478   -0.49341    1.15544    0.04692   -0.30531   -0.58698   -0.02421 
   69500   -3.39252    0.10128    0.72160   -0.04437   -0.12522   -0.06122    0.17858 
   69600   -3.10155    0.58539   -0.01257    1.05194   -0.49067   -0.01571   -0.01482 
   69700   -3.00609   -0.07972    0.17965   -1.01435    0.43371   -0.38030    0.39287 
   69800   -2.93776    0.34771    0.23517    0.29527    0.05439   -0.88799    0.69259 
   69900   -2.82051    0.21283   -1.30045   -0.19192   -0.75980   -0.09584   -0.84466 
   70000   -3.00218    0.14933   -0.36864    0.18954   -0.80110    0.16960    0.39013 
   70100   -3.08543   -0.33579   -0.25180   -0.07899    0.31726    0.62812   -0.47350 
   70200   -2.97322    0.14576   -0.22343    1.12432   -0.26413    1.17441   -0.67685 
   70300   -3.11720    0.59595    0.06744    0.11480   -0.46891   -1.13943   -1.41985 
   70400   -2.79091    1.49221    0.55494   -0.51193    0.72715   -0.78435    0.15119 
   70500   -2.92446    0.56079   -0.18593    0.72218    0.31504   -0.10640   -0.55275 
   70600   -1.90595   -0.28807   -0.24122   -0.08281   -0.32610    0.14782   -0.18672 
   70700   -5.48220    0.04218   -0.07165   -0.00113   -0.42743    0.17389    0.65574 
   70800   -2.82305   -0.14012   -0.64141    0.53271   -0.42983   -0.35579   -0.66702 
   70900   -0.33277   -0.01407   -0.38327    0.22298    0.02372   -0.29560    0.47127 
   71000   -3.08359   -0.16900   -0.57146    0.00830    0.41794    0.52022    1.49580 
   71100   -2.21051    0.26920    0.61526   -0.49717    0.44671    0.43767    0.10877 
   71200   -2.63702    0.67140    0.01241   -0.92272    0.17845    1.04307   -0.45833 
   71300   -3.16426    0.18544    0.06240   -0.44776   -0.58440   -0.14370    0.98368 
   71400   -2.54578    0.09453   -0.65234    0.28299   -0.04225    0.05842    0.66336 
   71500   -1.58815    0.18492    0.29174   -0.79069    0.09999    0.67279   -0.49011 
   71600   -2.91155   -0.21674    0.53371    0.24801   -0.89343   -0.00560   -0.82893 
   71700   -2.77187    1.24650   -0.51580   -0.79528    0.46271   -0.79810    0.57118 
   71800   -2.72160   -0.03427    0.18316    0.65601    0.26948   -0.66097    0.25442 
   71900   -3.05446    0.04824   -1.07178    0.85927   -0.39931    0.55120   -0.11087 
   72000   -2.85036   -0.83997    0.13918   -0.67052    0.42284    1.04574   -0.17553 
   72100   -3.08002   -0.21767    0.62805   -0.09111    1.18323   -0.88395   -0.22599 
   72200   -2.82257   -0.48175   -0.12087   -0.13516   -0.24496    0.83217    0.03994 
   72300   -2.88536   -0.46495   -0.31235    0.12744   -0.03953    0.57571    0.23745 
   72400   -2.88631    0.48554   -0.49978   -0.44201    0.27049   -0.14600    0.92766 
   72500   -3.12100   -0.63100    0.64869   -1.12501    0.12404   -0.45427    0.37362 
   72600   -2.82784    0.00770   -0.19618    0.20119    0.53823   -0.50059   -0.05812 
   72700   -2.82840   -0.29205   -0.02510   -0.49717   -0.38684    0.93841    0.07078 
   72800   -2.94057    0.24054   -0.22170    1.05578   -0.01918   -0.90126   -0.77140 
   72900   -3.58882   -1.09064   -0.48172    0.45668   -0.04272   -0.18102   -0.13489 
   73000   -2.96381   -1.42440   -0.09488   -0.96121    0.80711    1.33974    0.52983 
   73100   -3.00587    0.41331   -0.29468   -1.35552   -0.14456    0.68229    0.09470 
   73200   -2.51121   -0.78670    0.37915   -0.38519   -0.04620    0.92531   -0.11131 
   73300   -3.41731   -0.16968   -0.12223    0.24624    0.39514    0.97216    1.55206 
   73400   -3.16708    0.15493    0.36852   -0.16850    0.48296    1.55475    1.02768 
   73500   -2.81593   -0.59082   -1.00151    0.03203   -0.50662    0.10899    0.19992 
   73600   -3.05985   -0.02742   -0.65276    0.09217    0.11300    1.05961    0.24689 
   73700   -3.12107    0.04454   -1.31369    1.14795   -0.00692    0.35987    0.36920 
   73800   -2.82770    0.18774   -0.18439    0.34414    0.24159   -0.07068   -0.33953 
   73900   -2.53049   -0.40604   -0.70029   -0.26725   -0.84397    0.05116   -0.75030 
   74000   -2.75571    0.89765   -1.38119    0.56480   -0.33115   -0.39113    1.56447 
   74100   -3.20107    1.24236    0.11574   -0.59016    0.29519   -0.07157    0.08129 
   74200   -3.20073   -0.08118   -0.15554    0.18103   -0.73628   -0.11970   -0.31922 
   74300   -2.42023   -0.69120    0.12112    0.07316   -1.20937    0.44548   -0.56104 
   74400   -1.80169   -0.19921   -0.32081   -0.03677   -0.50663   -0.05645    0.01990 
   74500   -2.38527    0.06147    0.38715   -0.36597   -0.38427   -0.02159   -0.32616 
   74600   -2.89294   -0.85820    0.22315   -0.09610    0.45749    0.51340   -0.48401 
   74700   -4.74793    0.21958    1.03864   -0.59602   -0.03826   -0.09480    0.06495 
   74800   -3.51715    0.04465    0.09419    0.27066    0.59339    0.77474   -1.18703 
   74900   -3.40219    0.29771    0.24150   -0.20155   -0.06984    0.02480    0.15984 
   75000   -2.00859    0.06031   -0.40659   -0.75092   -0.32916    0.07993   -0.80334 
   75100   -2.61744   -1.04660   -1.41019   -0.10422   -0.01024   -1.14176    0.84495 
   75200   -3.05579    0.07992   -0.43193    0.01755    1.04290   -1.07433    0.84472 
   75300   -2.78879    0.58440   -0.19319   -0.29653   -0.11055    0.61209   -0.69570 
   75400   -2.38315   -0.31674    0.19007   -0.16277   -0.70668    0.19316    0.31593 
   75500   -3.51889    0.15431   -0.18728    0.05538   -0.43826    0.69608   -0.36531 
   75600   -3.13780   -0.03838   -0.05132    0.63499    0.15423   -2.06378   -1.03362 
   75700   -3.25294    0.55291   -0.48644    1.69843   -0.13183   -0.00276   -0.47088 
   75800   -1.17214   -0.00830   -0.29397   -0.57361   -0.21770   -0.51639   -0.35072 
   75900   -3.05254   -2.00482   -0.59725   -0.25553    0.59137    0.38815   -0.52291 
   76000   -2.88500   -0.31240   -0.24927   -0.64767    0.69332    0.72727   -0.39244 
   76100   -3.08673   -0.42950   -0.30051    0.13025    0.05440    1.07460   -0.54023 
   76200   -2.69961    0.65921    0.24543   -0.38001   -0.34729    0.50434   -0.84519 
   76300   -3.05905   -0.44217   -0.55056   -0.07401    1.06485   -0.19256   -1.83524 
   76400   -3.22728    0.43213   -0.17090   -1.31099    0.17009    0.33246    0.07910 
   76500   -2.92282    0.71541    1.11498   -0.72565   -0.44837    0.50223    0.21951 
   76600   -2.77223    0.02839   -0.77825    0.92860    0.37913   -0.73919   -0.41479 
   76700   -2.69358   -0.34072    0.10130    0.26097    0.01652    0.27048   -0.10064 
   76800   -5.49409    0.03061   -0.02262   -0.08641    0.86146   -1.48657   -0.43588 
   76900   -3.25639   -0.15917    0.06572   -0.26555    0.23808   -0.90388    0.17181 
   77000   -2.89826   -0.06837   -1.17691    0.80963   -1.13368    0.22060   -0.16779 
   77100   -2.75228   -0.15261   -0.02604   -0.51277    0.63683   -0.57019   -0.36399 
   77200   -2.20539   -0.07901    0.55124   -0.54886   -0.24496    0.10192   -0.28542 
   77300   -3.36758   -0.58184   -0.30684   -0.03798    0.06474    0.01182   -0.19821 
   77400   -2.81928   -0.53589    1.37912    0.43798   -0.33334    0.36147   -0.73938 
   77500   -2.59138    0.03588    0.25333    0.62208   -0.71564   -0.30553    0.60766 
   77600   -3.27178    0.03118    0.53598    0.69147    0.18911   -0.10022   -0.23898 
   77700    0.63879   -0.68065    0.54189   -0.35227   -0.44855    0.53457   -0.39149 
   77800   -3.51229    0.28680    0.30739    0.67205   -0.14365   -0.15241   -0.10033 
   77900   -3.01170   -0.24669   -0.98496   -0.16795   -0.25940    0.62659   -0.16682 
   78000   -3.12998    0.15451   -0.23292   -0.07194    0.29867    0.55813   -0.29527 
   78100   -4.54629    0.29618   -0.87025    0.82985   -0.03842    0.08024   -0.09974 
   78200   -2.74890   -0.90516    0.20215   -0.36919   -0.31439    0.04075    0.02893 
   78300   -2.91591    0.01922    0.84471    0.60078   -0.72229   -0.30965    0.01180 
   78400   -3.33762   -0.28163    1.52224   -0.99629   -0.31015    0.01106    0.21334 
   78500   -3.48424    0.05117   -0.05557    0.19998   -0.46700   -0.63200   -0.23834 
   78600   -3.47340   -0.36325    1.61552   -0.74952    0.04922    0.25695   -0.09842 
   78700   -2.93485   -0.48968   -0.60805   -0.43564   -0.07731    0.93846   -0.28768 
   78800   -2.88886   -0.34019   -0.73455    0.95878   -0.17709    1.31139    0.67579 
   78900   -3.75643   -1.08783    1.70862    0.01666    0.07639    0.05401   -0.22444 
   79000   -2.95027   -0.70071    0.39083   -0.12607    0.12560   -0.39041    0.58380 
   79100   -3.07550    0.14800   -0.35757    0.09410   -0.51357    0.29436    0.75272 
   79200   -2.87989   -0.32862   -0.92224    0.12392   -0.65726    0.42811    0.06486 
   79300   -3.44767    0.19420   -0.06755    0.06296    0.39328   -0.01214    0.96588 
   79400   -2.73898    0.21548   -0.36767    0.11801    0.39369   -0.33675    1.00920 
   79500   -2.76683   -0.06190   -1.02404   -0.75136    0.35077    0.35001   -0.86058 
   79600   -2.72560    0.00470    0.82422    0.03401   -0.01965    0.21819    0.15356 
   79700   -3.04132    0.63236    0.20672   -0.16039   -0.74167   -0.23589    0.47277 
   79800   -2.98095    0.51715    0.09885    0.83517    0.41554   -0.25893   -1.26581 
   79900   -3.06602   -0.02400    0.32224   -0.01293    0.21945   -0.03691    0.78546 
   80000   -3.29213   -0.28915    1.11669   -0.32647    0.21838   -0.30252    0.04947 
   80100   -3.28296    0.67537    0.95532    0.04897   -0.19672   -0.20650   -0.23217 
   80200   -3.04570    0.96206    0.69831   -0.84641    0.27859   -0.09017   -0.24994 
   80300   -3.12880    0.44568    0.39414    0.36469    0.03319   -2.23104    1.84182 
   80400   -2.99160    0.12661    0.28548   -0.02300    0.16883   -0.22673   -0.61779 
   80500   -3.13794   -0.35653   -0.31986   -0.24190   -0.26172   -0.19911    1.75150 
   80600   -3.53085    0.13617    0.23369   -0.15872   -1.01494   -0.94088    1.15027 
   80700   -3.05266    0.99376    0.28482   -1.71142   -0.07134    0.45663   -0.28926 
   80800   -2.85585    0.55629    0.41940    0.08059   -0.41185    0.34743   -0.18120 
   80900   -2.96208   -0.86506    0.41128   -0.50807    0.43143   -0.38892   -0.39347 
   81000   -2.77646   -1.18142    0.62700    0.56134    0.29004    0.96294    0.23431 
   81100   -2.57931    0.17511   -0.09177    0.18912    0.13190    0.14005   -0.09658 
   81200   -2.52005    0.29015    1.24259   -0.64021    0.37592    0.22278   -0.69839 
   81300   -3.04561    1.78889   -0.06749   -1.47308   -0.45571    0.35532    0.85418 
   81400   -2.85675   -0.59644   -1.38312    0.24783   -0.64209    0.06296   -1.08096 
   81500   -2.95665   -0.44207    0.16740   -1.02609    1.67942    1.03672    0.07837 
   81600   -2.84201   -0.16490    0.33604   -0.50562   -0.02412   -0.63299   -1.43427 
   81700   -3.95528   -0.04358   -0.16273   -0.15217   -0.46990   -3.15162   -0.97592 
   81800   -3.21202   -0.16091    0.06959   -0.18595   -0.02763   -0.02254    0.52398 
   81900   -2.50666    0.34290    0.33513   -0.26638    0.59926   -0.14805    0.19750 
   82000   -2.81033    0.59190    0.10479   -0.03164    0.27676   -0.14525    1.04386 
   82100   -3.63428   -0.01432   -0.21050    0.08627    0.20932    0.96244    0.32976 
   82200   -2.65114   -0.44588   -0.07365    1.07632   -0.49778    0.74644    0.23480 
   82300   -2.81820    0.04970   -0.28871    0.81619    0.12401   -0.23192    0.12211 
   82400   -2.40501    0.21913   -0.59265    1.01390    0.38775    0.15491    0.62269 
   82500   -2.75068    1.09775    0.31470    0.28186    0.08024    0.93220   -0.44347 
   82600   -1.63716   -0.36670    0.52432    0.76809    0.10876    0.31703    0.81137 
   82700   -2.71278   -0.29290    0.60220    0.95953    0.23921    0.56703    0.03868 
   82800   -2.61961    0.77875   -0.48369    0.15792    0.74595    0.55292    0.55924 
   82900   -2.97200   -0.18837   -0.36543    0.48319    0.45679    0.00846   -0.19878 
   83000   -3.48414   -0.14916    0.36654   -1.28849    0.26344   -0.02294   -0.03900 
   83100   -3.02303   -0.17527    0.06847    0.01834   -0.58632   -0.21267   -0.19810 
   83200   -2.94015   -0.57659   -0.42593    1.01551   -0.55121    0.00585   -0.87694 
   83300   -3.45774   -0.02901    0.05984   -0.32542    0.58461    0.38274    1.49596 
   83400   -2.91818    0.14617    0.63296    0.76720    0.59820   -0.98890    0.16930 
   83500   -2.48512    0.23703    0.24842   -0.07182   -0.22247    0.38473   -0.38482 
   83600   -3.15271    0.11278    1.59599   -0.09050   -0.39705   -0.29341   -0.19033 
   83700   -2.46441   -0.36056    0.07597   -0.63565    0.44748    0.01310   -0.64104 
   83800   -2.65608   -0.04753    0.23341    0.55175    0.46606    0.29885   -0.03929 
   83900   -2.48407    0.23058   -0.18230    0.66443    0.17949    0.60928    0.45467 
   84000   -2.79706    0.56422    0.11440   -0.73146    0.50774   -0.81069    0.23303 
   84100   -3.07860    1.01806    0.46036   -0.07494   -0.13544    0.30705   -0.19076 
   84200   -2.72417   -0.34280   -0.20154   -0.82733   -1.06813   -0.13813    0.19615 
   84300   -2.90113    0.58487   -0.39243   -0.03388    0.16374    0.32642    0.12579 
   84400   -2.95696   -0.05004    0.15020   -0.42127    0.55307    0.17150    0.31920 
   84500   -3.51567   -0.16723   -0.13402    0.17994   -0.70203   -0.31503   -1.31225 
   84600   -3.09773    0.01463    0.04144    0.47728   -0.25471    0.19529   -0.75818 
   84700   -3.00110   -0.03111    0.01905   -1.30307    0.26493    0.29881    1.28233 
   84800   -3.21964    0.47598   -0.91209    0.03781    0.06314    0.37167   -0.07529 
   84900   -3.02364    0.23348   -0.10374   -0.58119   -1.21849   -0.94981   -1.66391 
   85000   -2.98079   -0.42378    0.76861    0.09075   -0.66424   -1.24626    0.27802 
   85100   -2.92216    0.24904    0.37359   -0.16693    1.04927    0.44075    0.73534 
   85200   -2.78249   -0.41295   -0.29869    0.53479    0.24474    0.47153    0.39549 
   85300   -1.47203   -0.49961    1.45070    1.62936   -0.47518    1.04396    1.24213 
   85400   -2.86877    0.25904    0.63380    0.35527    0.65751   -0.25676   -0.46447 
   85500   -1.89757   -0.64496   -0.09723    0.29459   -0.79759   -0.45797   -0.11935 
   85600   -3.09598   -0.33230    0.10380   -0.15117    0.27018   -0.07642    0.25848 
   85700   -3.55246    0.50600    0.13772    0.12691   -0.06644   -0.03872    0.14055 
   85800   -0.20388   -0.26295    0.24112   -1.19752   -0.30090    0.44291   -0.96625 
   85900   -3.29298   -0.17321    0.11552    0.06794   -0.18945   -0.56029   -0.16682 
   86000   -2.97452    0.13704   -0.23911   -0.76145    1.47924    0.23157    0.62491 
   86100   -2.73751   -0.27310    0.65342   -0.01959   -0.50930   -0.07354   -0.81238 
   86200   -2.07823    0.36065    1.15853   -0.67532   -0.17614    0.66698   -0.67181 
   86300   -2.28894    1.38782   -0.54440   -0.22700    1.14202    0.29813    0.02904 
   86400   -3.16047    0.55323   -0.36046    0.30226   -0.30759    0.12368    0.09943 
   86500   -3.46870    0.02417   -0.32619    0.51265   -0.15500    0.08445   -0.10525 
   86600   -3.22064    0.22890    0.09825    0.25259    0.09934   -0.43069   -0.83224 
   86700   -2.82332    0.30316   -0.02609    0.07637    0.45192    0.02084    0.81313 
   86800   -3.29252   -0.04490    0.22801    0.08686    0.05733    1.13555    0.43420 
   86900   -2.98816    0.33386   -0.05747   -0.63925    0.76618    0.07731    1.04174 
   87000   -6.47484    0.05546   -0.03620    0.01908    0.21974   -0.80588   -1.07311 
   87100   -2.55039   -0.42526    0.12178    0.89118   -0.23654    0.31474    0.18960 
   87200   -3.02794    0.02828    0.02564   -0.51276    0.30209   -0.44485    0.54404 
   87300   -3.04924   -0.26642    0.51766    0.23915    1.34864    0.44056    1.46957 
   87400   -2.20945   -0.45376   -0.26746   -0.17667   -0.47321    0.28241   -0.03479 
   87500   -2.77559   -0.11119    0.22094   -0.19224    0.24821    0.17218    0.21790 
   87600   -2.02609   -0.28861   -0.20503   -0.05147   -0.62029   -0.47531    0.17580 
   87700   -3.11636   -0.12086   -0.18272    0.26040    0.17260   -1.12414   -0.23650 
   87800    1.22076    0.32448    0.15537   -0.37803    0.37526    0.21547   -0.20651 
   87900   -3.02057   -1.05353   -0.20590   -0.78493    0.51562    0.58175    0.13811 
   88000   -2.96410   -0.13131    0.69037   -0.00890   -0.06225   -0.50694    0.67164 
   88100   -2.96034    0.34967    0.15688   -0.32140    0.28275    0.12525    0.81221 
   88200   -3.02952    0.24026    0.25371   -0.69063   -0.48266   -0.22620    0.71384 
   88300   -2.62424    0.35715    0.76377    0.13267   -0.02837    0.29494   -0.20148 
   88400   -2.52053    0.56034    0.34824    1.25405    0.19443    0.79378    0.37154 
   88500   -3.29436   -0.14881   -0.00942   -0.26871    0.17128    0.01034    0.74494 
   88600   -4.16829   -0.11892    0.06030    0.09264   -0.05865   -0.92306   -0.84421 
   88700   -2.84210   -0.52004    0.32602    0.05065   -0.61887   -0.56109   -0.79114 
   88800   -2.76085   -0.07631    0.09710    0.54801   -0.37999   -0.78923    0.21777 
   88900   -3.87917    0.10260   -0.16946   -0.01549    0.12425    1.00372   -0.82758 
   89000   -3.97674    0.31619    1.62295   -0.05002    0.01800    0.15947    0.09100 
   89100   -3.29288   -0.03805   -0.06696   -0.24134    0.51770    0.34637    0.23471 
   89200   -2.90278    1.03147    0.09739   -0.33980    0.03105   -0.49680    0.66644 
   89300   -2.22998   -0.92093   -0.13993    1.13490   -0.42118    0.33658    0.71101 
   89400   -1.20330    0.35864    0.48044   -0.13436    0.48909    0.19392    0.05012 
   89500   -3.34825   -0.51316   -0.85764    0.47206   -0.01753   -0.22187   -0.09860 
   89600   -2.76313   -0.22796   -0.44993    0.91164   -0.16431   -0.24481    0.16687 
   89700   -2.38870    0.22811   -0.28472    0.10348    0.34149    0.20858    0.12775 
   89800   -2.87982    0.18751   -0.29839    0.33699    0.50214    0.71518    0.48908 
   89900   -2.75851    0.63093    0.96269    0.41962   -0.24310    1.06830   -0.91232 
   90000   -3.00207    0.93480   -0.33157    0.72492   -1.26469   -0.06402   -0.72543 
   90100   -3.77375    0.18786    0.13424    0.03204   -0.15500    0.44759    1.85783 
   90200   -2.68129   -0.06169   -0.27964    0.13915   -0.28266   -0.15504    0.75764 
   90300   -2.51024   -0.03314   -0.35470    0.88953    0.16252    0.62332    0.85969 
   90400   -2.85575   -0.04605    0.45995    0.65877    0.69455   -0.39124    0.11665 
   90500   -2.10165    0.69975   -0.22119    1.30150    0.49688   -0.06164    0.63150 
   90600   -4.68082   -0.94698    0.51444    0.38255   -0.09505   -0.03657    0.05489 
   90700   -2.97162    0.45945   -0.15247   -0.06772   -0.39591   -0.22955    0.48018 
   90800   -3.20503   -0.25326    0.20207    0.03935    0.67099    0.23100   -0.50409 
   90900   -2.99123    1.02963    0.44488    0.17053   -0.77911   -1.03034    0.24964 
   91000   -2.22206    0.90774   -0.01490   -0.68725    0.47238    0.63106   -0.57451 
   91100   -3.00205    0.46855   -0.01259    0.76371    2.94566   -0.21916   -0.40075 
   91200   -2.92086    1.21336    1.16640   -1.01597    0.13890    0.53851    1.19029 
   91300   -2.77191    0.04382   -0.12806    0.69891    0.07780    0.15687    0.18121 
   91400   -2.89266    0.24669    0.13897   -0.64354   -1.15141    0.50198   -0.35946 
   91500   -2.98892   -0.20244   -0.35744    0.19718   -0.28946    0.52465   -0.21236 
   91600   -2.78128   -0.16538   -0.30657    0.99085   -0.40604   -0.08899    0.12984 
   91700   -2.98851    1.50126    0.15401    0.28334   -0.55344   -0.69479   -0.55651 
   91800   -2.98815   -0.21629   -0.31563   -0.38904   -1.62514   -0.20381    0.19515 
   91900   -3.09100    0.68172   -0.24061    0.21211   -0.41420   -0.12282   -0.06242 
   92000   -2.26566    0.04649   -0.10566   -0.31476   -0.16218   -0.40188   -0.03036 
   92100   -2.99963    0.19747    0.36194   -1.11143    0.26846   -0.66599    1.11942 
   92200   -2.99848    0.19014   -1.64285   -0.16556   -0.81264    0.65800    0.12169 
   92300   -2.94405   -1.01679   -0.17381    0.06948    0.06812    0.07475    0.49568 
   92400   -2.92855    0.03700   -0.42310   -1.25873    0.93559    0.83136    0.26637 
   92500   -3.08747    0.21374   -0.11872    0.78879   -0.02483    0.22086    0.13335 
   92600   -3.03821   -0.64615   -0.07590   -1.31229   -0.46010    0.09189    0.31686 
   92700   -3.22205   -0.12922    0.24595    0.22489   -1.28887    0.21686    1.12029 
   92800   -2.98065   -1.22073    0.32711    0.79181    0.54060    0.14219   -2.02280 
   92900   -3.12929   -0.23487    0.30039   -0.07609    0.41949   -0.48189   -0.63482 
   93000   -2.86743    0.56659    0.03951   -0.98452   -0.22894    1.14335    0.08327 
   93100   -2.72847   -0.49857    0.31219   -0.01581   -0.73739   -0.67226   -0.05086 
   93200   -3.02454    0.76151    0.78183   -0.31253   -0.72146   -0.15626    0.00561 
   93300   -3.05239    0.54883    0.21018    0.72447   -0.99069   -1.61587   -1.02952 
   93400   -2.95697    0.35054   -0.38938    0.21001   -0.28132    0.58729    0.57431 
   93500   -3.16904    0.04533   -0.46158   -0.29430   -0.25606    0.91361    1.25301 
   93600   -2.21815    0.21301   -0.03899    0.00692    0.26413    0.12700    0.34161 
   93700   -2.61873   -0.10153   -0.36320    0.62069   -0.16501    0.56499    1.11849 
   93800   -3.35847   -0.32427    0.09375   -0.08158    0.44069   -0.03347   -1.65713 
   93900   -1.04995    0.36597    0.01354    0.40572    0.64195    0.08899    0.63448 
   94000   -2.79359    0.34125    0.63458   -0.38267    0.37821   -0.27562   -0.17238 
   94100   -2.63756    0.74878   -0.65456    0.54698    0.37553    0.43319    0.92305 
   94200   -2.32378   -0.69190   -0.51852    0.32592   -1.06513   -0.43461    1.13986 
   94300   -2.95371   -0.03912   -0.20713   -0.51661    0.28603   -0.08472    0.12415 
   94400   -2.91689    0.64110    0.12787    0.26384   -0.17262   -0.18159    0.30522 
   94500   -3.36663    0.16847   -0.17648    0.07247    1.11446    0.29678    0.28768 
   94600   -2.71669   -0.07639    0.06885    0.29019    0.07546   -0.28992    0.00961 
   94700   -2.97461   -0.36166   -0.28833   -0.01900    0.60353   -0.25168    0.36078 
   94800   -3.31577   -0.87643    0.16514    0.43867    0.26364    0.05612   -0.19628 
   94900   -2.91776   -0.29897    0.35459   -0.42195    0.36157    0.27209    0.37142 
   95000   -2.53215   -0.27721    0.22945    0.13889    0.26353    0.48937    0.05939 
   95100   -2.91747    1.59752   -0.13299   -0.08084   -0.38865   -1.07917   -0.32570 
   95200   -3.91036    0.62877   -0.46582   -0.96053    0.04996    0.11407    0.14691 
   95300   -2.71810   -0.96760   -0.03171    0.05586   -0.25324   -0.71713   -0.70836 
   95400   -2.60385    0.10069    0.84255   -0.04968   -0.84233    0.48113   -0.30273 
   95500   -2.20697   -0.40566    0.29507    0.01489   -0.02359    0.38348    0.40327 
   95600   -2.71155   -0.03885   -0.05126   -0.30965    0.07124    0.16503   -0.97370 
   95700   -3.09542   -0.38948   -0.77758    0.68154   -0.15354    0.39798   -0.32581 
   95800   -3.40065   -0.30191    0.43568    0.42402   -0.07133   -0.16726   -0.14943 
   95900   -2.98824   -0.54139   -0.02826   -0.04713    0.35645    0.18180    0.41918 
   96000   -2.74454   -0.35558   -0.01278   -0.36091   -0.22366    0.86523   -0.09291 
   96100   -2.87771    0.30734    0.49805    0.23604    0.59593   -0.69782    0.57475 
   96200   -2.91015   -0.17314   -0.28561   -0.37839   -1.05784   -0.40152   -1.33701 
   96300   -3.19828   -0.21066   -0.08357   -0.28585   -0.70488    0.35321    0.82817 
   96400   -3.01934   -0.73750    0.02197   -0.41447    0.61717   -0.33120    1.07203 
   96500   -2.83074   -0.12142    0.06530    0.61584    0.47307    1.09736    0.24515 
   96600   -2.90878    0.17865    0.09755   -0.76889   -0.45029   -1.55325   -1.38518 
   96700   -2.86398    0.27321   -0.87401   -0.39009   -0.18255   -0.26243    0.46318 
   96800   -2.63028   -1.10706   -0.27567   -0.31683   -0.57114    0.35896    0.36461 
   96900   -3.01477   -0.46933   -0.29672    1.07411    0.27854    0.61976   -0.25617 
   97000   -0.39099    0.10801    0.83854   -0.15884   -0.09397    0.66885   -0.01120 
   97100   -2.56654    0.30302    0.56496    1.63019    0.33561   -0.50437    0.97512 
   97200   -3.11911   -1.63573   -0.91927   -1.14637    0.68640    0.00504   -0.11696 
   97300   -2.08510   -0.08709   -0.03552    0.22238    0.12512    0.00800    0.55414 
   97400   -2.87091    0.00088   -0.29240    1.09236   -0.08631    0.71544    0.13490 
   97500   -3.41221   -0.07996   -0.39003   -0.29196   -0.03592   -0.11559    0.03521 
   97600   -3.02778    0.55891    0.48844   -0.23307   -0.47138   -0.07273   -0.15109 
   97700   -2.66199    0.53581    0.44401   -0.31597   -0.05066   -0.09178   -0.47990 
   97800   -2.59970    0.02394   -0.44495    0.14961   -0.44017    0.02243    0.36178 
   97900   -2.99722    1.03512    0.50488    0.58393   -0.06976    0.42391    0.07520 
   98000   -3.03807    0.75565    0.02434    0.41921   -0.55534   -1.88619   -0.89840 
   98100   -2.98585   -0.44067   -0.49396   -0.47868    0.09129    0.02667    1.14230 
   98200   -2.82691   -0.15209   -0.21964   -0.78723    0.36749    0.55099   -0.13927 
   98300   -3.01606   -0.66194    1.20265   -0.07314   -0.02254   -0.72981   -0.39003 
   98400   -2.35647    0.90987   -0.16515    0.69801    0.22627   -0.15385    0.45053 
   98500   -2.99851    0.75436   -0.74433    0.01349   -0.48964    0.52367   -0.53722 
   98600   -2.38774    0.03164    0.20615   -0.15624   -0.12768    0.66885   -0.17276 
   98700   -3.03172   -0.15359    0.19125   -0.87058    0.16605    0.34343    0.22377 
   98800   -3.69226   -0.40243    0.78029   -0.64769    0.09295   -0.11110   -0.14650 
   98900   -2.93789   -1.44276   -0.22060   -0.48016    0.60678    0.43278   -0.80347 
   99000   -2.70381    0.65730    0.53311    1.00101    0.66840   -0.80405    0.54221 
   99100   -3.02084    0.37748   -0.81013   -0.83061    0.38484    0.05577    0.41821 
   99200   -2.50234   -0.36554   -0.13442   -0.33466   -0.49212    0.41705    0.07419 
   99300   -3.15225   -0.20340    0.04193    0.31236    0.80379    0.06570    1.19373 
   99400   -3.17631    0.25084    0.30806    0.39375   -0.17300   -0.04251   -0.25954 
   99500   -2.83334    0.50890    0.39109    0.63029    0.30047    0.11701   -0.06691 
   99600   -3.06526    0.19233    1.38755   -0.19706    0.44327   -0.41966   -0.07828 
   99700   -3.08192    0.01230   -0.44264   -0.18808    0.49823   -0.01853    1.11353 
   99800   -2.98130   -1.49377    0.20646   -0.01283    0.49000   -0.79053   -0.35881 
   99900   -3.40405   -0.19727    0.02671    0.21593    0.27205    1.36144    0.20250 
