     tau         EL         x1         y1         z1         x2         y2         z2
       0   -3.99551    0.28968    0.06975   -0.04949    0.09575    0.12604    0.38519 
     100   -4.00055   -0.07770    0.17383   -0.45339    0.00524    0.52342   -0.22089 
     200   -4.00444   -0.70515   -0.35371   -0.34477   -0.06412   -0.85364   -0.14706 
     300   -3.98824   -0.10251   -0.28957    0.55362   -0.00450    0.12010   -0.08088 
     400   -4.00606    0.89896   -0.29106    0.48442   -0.98389    0.19928    0.86457 
     500   -4.00212   -0.10359   -0.74595   -0.71200    0.02618    0.07358   -0.44182 
     600   -4.00142    0.25156   -0.57464   -0.48522   -0.06823    0.41256   -0.17766 
     700   -4.00397    0.68001    0.19465   -0.09614   -0.81953    0.32087   -0.25521 
     800   -4.00454    0.04929   -0.36641    0.46653   -1.46487   -0.14030    0.81657 
     900   -4.00590   -2.24019    0.62488    0.89502   -0.62665   -0.36185    0.15067 
    1000   -4.00118    0.40831    0.15864   -0.05564   -0.61385    0.46982    0.07862 
    1100   -4.00147   -0.44735    0.03953   -0.27199   -0.27738    0.19997   -0.55320 
    1200   -3.99744    0.34288   -0.38310   -0.07726   -0.30495    0.08400    0.08395 
    1300   -3.98678    0.24562   -0.00177    0.33203   -0.02413    0.04158   -0.14327 
    1400   -3.99072    0.16227   -0.01464   -0.03979   -0.22484   -0.59480    0.01227 
    1500   -3.98439   -0.09238    0.04835    0.13615   -0.06912   -0.08181    0.21820 
    1600   -4.00378    0.41833   -0.16982    0.35089    0.24655   -0.41513    1.12670 
    1700   -4.00260   -0.28852    0.52026    0.04774    0.52671    0.03112    0.52981 
    1800   -4.00014   -0.49678    0.15494   -0.19443    0.11912    0.29490   -0.33976 
    1900   -4.00076   -0.58036    0.30988   -0.15160   -0.07905    0.41600    0.14603 
    2000   -4.00433   -0.26775   -0.19516    0.43110   -0.88600   -1.55863    0.74966 
    2100   -4.00119    0.19072   -0.43164    0.15930    0.25066    0.29940   -0.51852 
    2200   -4.00600    0.76894   -0.51131    0.02082   -0.28266   -0.84804   -1.29338 
    2300   -4.00433   -0.00900   -0.24678    0.53938   -0.50124    0.46047   -1.33418 
    2400   -3.99762    0.26354   -0.08650    0.31807   -0.23184   -0.03891    0.31582 
    2500   -3.99466    0.38093    0.83416   -0.33346   -0.03552   -0.00512   -0.19631 
    2600   -4.00361   -0.21986    0.29145    0.68169   -0.31530   -0.67794   -0.03907 
    2700   -4.00227   -0.45195   -0.33084   -0.16162   -0.06787    0.26361   -0.64848 
    2800   -4.00272    0.15724   -0.06111   -0.51181    0.88946   -0.04939   -0.11670 
    2900   -4.00043   -0.37146    0.17211   -0.18033    0.27485    0.55837   -0.04949 
    3000   -4.00291    0.02837   -0.53832   -0.20496    0.15536    0.26792    0.80545 
    3100   -4.00347    0.79849   -0.10440   -0.32261    0.34669   -0.54551    0.09921 
    3200   -3.99761   -0.18824   -0.44556   -0.14839    0.29195    0.10928    0.13681 
    3300   -3.99161   -0.19119    0.05013   -0.16415    0.10813   -0.28136   -0.02394 
    3400   -3.99406   -0.07130    0.22863   -0.05192    0.39473   -0.10921   -0.20428 
    3500   -3.99208   -0.11875   -0.01542    0.12774   -0.62566   -0.06441   -0.43472 
    3600   -4.00300    0.24440    0.10167   -0.86743   -0.42092    0.38112   -0.03309 
    3700   -4.00442   -0.19492    0.53599    1.41279    0.35628    0.27551    0.39754 
    3800   -3.99662   -0.17797   -0.44444   -0.08938   -0.01479   -0.30036   -0.07097 
    3900   -3.98433    0.02772   -0.10508    0.05635    0.24314   -0.28133    0.41206 
    4000   -4.00454   -0.40856   -0.39198   -0.21795    1.55183   -0.20166   -0.33304 
    4100   -3.99912   -0.29088   -0.01843    0.16824    0.59428   -0.42169   -0.06624 
    4200   -4.00433    1.05029   -0.56186    0.62675    0.12747    0.60060   -0.09083 
    4300   -4.00288   -0.23885    0.57816    0.03251   -0.35324    0.29127   -0.60990 
    4400   -4.00155   -0.14481    0.27380   -0.52074    0.40767   -0.36230    0.15647 
    4500   -4.00478   -0.00556    0.58678    1.40138    0.13316   -0.64083    0.04855 
    4600   -4.00171    0.40619    0.05891    0.08010   -0.44925    0.93688   -0.03222 
    4700   -4.00402   -0.15853    0.28342    0.64736    0.28494   -0.10066   -0.86699 
    4800   -3.99923    0.85510    0.48492   -0.06433    0.07945    0.04564    0.29053 
    4900   -4.00566   -0.56826    0.69985    0.11131   -0.18119   -1.25519   -0.44277 
    5000   -4.00561    0.39418    0.74770    0.11185    0.94859   -1.04820    0.27269 
    5100   -4.00263    0.28113    0.51780    0.08807   -0.48367    0.57665   -0.06267 
    5200   -3.99873   -0.03466   -0.28506   -0.20594    0.43462   -0.23714   -0.34572 
    5300   -4.00157   -0.24379    0.65809   -0.24364    0.32166    0.31085   -0.18842 
    5400   -3.99035   -0.06834    0.12822   -0.11394   -0.41062   -0.04777    0.15749 
    5500   -4.00126    0.15997    0.07391   -1.18107    0.24254   -0.07828   -0.27151 
    5600   -3.99020   -0.09420    0.13897    0.14964    0.07449   -0.16688   -0.24295 
    5700   -4.00225   -0.10875    0.14180   -0.40865   -0.95259    0.11805    0.54774 
    5800   -4.00299    0.62418   -0.75237   -0.32943    0.06301    0.08996   -0.51620 
    5900   -3.98266   -1.07811   -0.97536    0.15554   -0.07202    0.05348    0.04593 
    6000   -4.00203    0.25652   -0.22396    0.52959    0.53335   -0.25628   -0.14305 
    6100   -4.00101    0.30569   -0.33731    0.23287   -0.20214   -0.54201   -0.16309 
    6200   -4.00153   -0.05714   -0.31366    0.41008   -0.55454    0.35574    0.11525 
    6300   -4.00277   -0.73112   -1.03387    0.46824    0.00429    0.05897    0.44933 
    6400   -4.00019    0.27522   -0.11752    0.38310   -0.07969    0.01302   -0.52716 
    6500   -3.99809   -0.26870   -0.14399   -0.17034    0.23368    0.22213   -0.42833 
    6600   -3.98737    0.13992    0.09751    0.07412    0.10200    0.26830    0.04832 
    6700   -4.00619    0.53567   -0.32848   -0.68453   -0.33366    0.11422   -1.71928 
    6800   -3.99447   -0.31016    0.20245   -1.08852    0.18916   -0.02513    0.00349 
    6900   -4.00424    0.71531   -0.19110    0.31925    0.43607    0.52134   -0.54312 
    7000   -4.00484   -0.04747    0.70303   -0.22400   -0.15879   -0.14541   -1.21912 
    7100   -3.99976    0.14511   -0.19258   -0.27013    0.05617   -0.68185   -0.30928 
    7200   -4.00130    0.49501    0.44871    0.64541   -0.08515    0.14396   -0.37611 
    7300   -4.00583   -0.37302   -0.80188    0.59289   -1.18094   -0.12117    0.03088 
    7400   -4.00475    0.51753   -0.59711   -1.61297   -0.09753    0.01152    0.60344 
    7500   -3.98560   -0.13816   -0.03263    0.12469    0.11933    0.18022    0.10063 
    7600   -3.99796    1.01617    0.33538   -0.00779    0.15418   -0.10344   -0.18219 
    7700   -4.00245   -0.37869    0.93778    0.24110   -0.08401   -0.41621   -0.21241 
    7800   -3.99981   -0.24770    0.07773    0.24676   -0.63073   -0.36451    0.27753 
    7900   -3.97866   -0.01892    0.02937   -0.08320   -0.63675   -0.59204    0.39143 
    8000   -3.99316    0.33352    0.06729   -0.53344   -0.08905    0.12383    0.12760 
    8100   -4.00478   -0.35073    0.56052    0.46388   -0.50836    0.85882   -0.35261 
    8200   -3.99944   -0.33973   -0.45339    0.45979    0.24636   -0.11999   -0.21978 
    8300   -4.00640   -1.13085    0.52490   -0.40330    0.83387    0.88663    0.26029 
    8400   -4.00388   -0.50636    0.22871   -0.09291    0.30216    1.00364    0.82160 
    8500   -3.99666    0.11576   -0.25356    0.09067   -0.39396   -0.12860   -0.34034 
    8600   -3.99936    0.06210    0.40258   -0.23094    0.45477   -0.13036    0.02010 
    8700   -4.00053    0.32689    0.25660   -0.34312   -0.44409    0.13352    0.22127 
    8800   -3.99805   -0.41266   -0.00408   -0.11924    0.01054    0.39990   -0.10615 
    8900   -3.99941    0.07460    0.42085   -0.22397   -0.43440   -0.00609    0.16287 
    9000   -3.99112   -0.12520   -0.14477    0.01901   -0.16667   -0.37755    0.19860 
    9100   -4.00198   -0.59438   -0.47716    0.41581    0.42721    0.19335    0.08886 
    9200   -4.00286    0.46119   -0.03998    0.39467    0.56656    0.48238    0.25688 
    9300   -4.00140    0.06932    0.22269   -0.26471    1.23862    0.95829    0.13316 
    9400   -4.00666    1.26657    0.06543   -0.86800    0.73333    0.69530   -0.69490 
    9500   -4.00170   -0.05112    0.04690    0.58918   -0.30618   -0.50260   -0.10991 
    9600   -4.00018    0.02814   -0.49085   -0.14546    0.48862    0.12077    0.02836 
    9700   -4.00057   -0.09285    0.07467    0.32383   -0.57017   -0.85880    0.44999 
    9800   -4.00056    0.11228   -0.03312    0.49347   -0.00029    0.33482    0.43671 
    9900   -3.98435   -1.05702   -0.32714   -0.49391    0.00453    0.00665   -0.10916 
   10000   -3.99979   -0.32558    0.21457    0.01786   -0.29488    0.18244    0.55855 
   10100   -3.99898   -0.35699   -0.40628   -0.04640   -0.35556   -0.16647   -0.00277 
   10200   -4.00374    0.23235   -0.46093   -0.00316    0.09091   -0.20821   -1.54384 
   10300   -4.00319    0.69111    0.02301   -0.51159   -0.09961   -0.37685    0.47517 
   10400   -4.00047   -0.23308   -0.09969    0.21618    0.16488   -1.14561   -0.38267 
   10500   -3.99958    0.22209    0.06953    0.59472    0.17442    0.32148    0.12003 
   10600   -3.98874    1.11416   -0.30477   -0.08143   -0.05867   -0.01709    0.11994 
   10700   -4.00545    0.18641    0.05666    0.72739   -1.53054    0.29599   -0.59315 
   10800   -4.00279    0.57936   -0.20273   -0.10923    0.58684   -0.39522   -0.24224 
   10900   -4.00171    0.20791   -0.11085    0.33986    0.82349   -0.47306   -0.50066 
   11000   -3.99876    0.36343    0.23590   -0.12774    0.00031    0.27863   -0.34325 
   11100   -4.00094    0.35828   -0.20174    0.21803    0.03182   -0.64623   -0.16849 
   11200   -3.99329    0.11863    0.29180   -0.06735   -0.00118    0.06714   -0.28169 
   11300   -4.00371    0.21076   -0.48198   -0.48916    0.24418    0.14633    0.78556 
   11400   -3.99577   -0.71000    0.94369   -0.13956   -0.11263   -0.16104   -0.07268 
   11500   -4.00248   -0.25748   -0.27496   -0.46986    0.02056   -0.64321    0.31207 
   11600   -3.99809    0.43171    0.26176   -0.07983   -0.05105   -0.35670   -0.01801 
   11700   -4.00347    0.51283   -0.30467    0.44638    0.25428   -0.02408    0.70116 
   11800   -4.00456    0.77462   -0.24094   -0.49937   -0.56057   -0.53557   -0.27339 
   11900   -4.00100   -0.40127    0.17804    0.11405   -0.30607   -0.03997   -0.63501 
   12000   -3.99821    0.19621    0.75620    0.13342    0.16032   -0.24071   -0.04260 
   12100   -4.00062   -0.27934   -0.18169   -0.07375   -1.18092   -0.19425   -0.02434 
   12200   -4.00093    0.16177    0.04456    0.37243    0.74400    0.08971    0.36538 
   12300   -4.00057   -0.10747    0.03089    0.30478   -0.82144   -0.56767    1.00516 
   12400   -3.99525   -0.04754   -0.31435   -0.28941   -0.06272    0.27803    0.03385 
   12500   -3.99723   -0.29955   -0.16631   -0.34228   -0.12460   -0.04510    0.30695 
   12600   -4.00413   -0.18973   -0.49408    0.17125   -0.94402    1.22655   -0.30445 
   12700   -3.99983   -0.00905   -0.67383   -0.48208   -0.17062    0.00555    0.30510 
   12800   -3.99216    0.11642    0.13252   -0.00682    0.13618    0.45947   -0.58503 
   12900   -3.99778    0.06420    0.09132   -0.20174   -0.64006    1.82995   -0.24614 
   13000   -4.00505    0.55701    0.37766   -0.27224   -0.08320    1.40403   -0.20322 
   13100   -4.00293   -0.94228    0.00749    0.10431    0.46168   -0.12414    0.26318 
   13200   -4.00371   -0.34929    0.39575   -0.05757    0.88040   -1.07650    0.28159 
   13300   -3.96670    1.19900    0.16271    0.46186   -0.04734    0.03643    0.01952 
   13400   -3.99953   -0.36051    0.57912    0.22755    0.22000   -0.27733    0.05562 
   13500   -3.99133    0.05667    0.17485    0.09185    0.12630   -0.21987   -0.32216 
   13600   -3.99959    0.29388   -0.22368    0.08148   -0.60515   -0.25394   -0.07540 
   13700   -3.99902    0.10220   -0.30058    0.09036    0.52979    0.21297    0.47533 
   13800   -3.98621   -0.13989    0.79620    0.31925   -0.06210   -0.09749    0.04322 
   13900   -3.99442    0.04976   -0.41788    0.34149    0.21500    0.06033    0.06820 
   14000   -4.00625    1.48852   -0.54188    0.20815    0.48664    0.33063    0.81463 
   14100   -4.00412   -1.03652   -0.08919    0.49667   -0.35221   -0.24859    0.47036 
   14200   -3.99818   -0.15773   -0.04865    0.19526    0.34125   -0.36264    1.17332 
   14300   -4.00637   -0.27677    1.01909    0.73998   -0.32652    1.01557    0.65260 
   14400   -4.00239    0.01829    0.25432    0.40318    0.67036    0.58488   -0.46667 
   14500   -4.00267   -0.10908   -0.51252   -0.26529    0.52902   -0.46787    0.32936 
   14600   -4.00292    0.26577   -0.52533   -0.17705    0.41690   -0.67066   -0.04612 
   14700   -4.00429   -0.27055    0.90337    0.22949    0.29354   -0.21334   -0.65233 
   14800   -4.00397    0.50893    0.07913   -1.11706    0.18591   -0.32128   -0.46676 
   14900   -3.99928   -0.32848    0.00649    0.72335    0.17507   -0.18249    0.21388 
   15000   -4.00360   -0.00895    0.29455   -0.38660    0.59665    1.59250   -0.37799 
   15100   -4.00598   -0.32047    1.43531   -0.36533   -0.40557   -0.70772    0.46184 
   15200   -4.00296    0.67006    0.29674    0.50078    0.21312    0.52508   -0.07412 
   15300   -4.00593   -0.06824   -0.24242    1.84915   -0.13625   -0.09162    0.81107 
   15400   -4.00479   -0.24063   -0.86748    0.42514   -0.42775   -0.60578   -0.41968 
   15500   -4.00128   -0.14058   -0.49539   -0.13955   -0.01250    0.02315   -0.60876 
   15600   -3.99811    0.06291    0.26505   -0.29658    0.21210   -0.22321    0.32389 
   15700   -4.00223   -0.24855    0.41509    0.49877    0.52184   -0.09815    0.24067 
   15800   -4.00097    0.54414   -0.89787    0.37943    0.08078   -0.23276   -0.27005 
   15900   -3.97927   -0.45652   -0.57992   -0.53578   -0.06125   -0.01429    0.06796 
   16000   -3.99617   -0.01202    0.14619   -0.14284   -0.90526    0.41135   -1.42410 
   16100   -4.00296    0.32617    0.33282   -0.20977   -0.49212   -0.72035    0.65134 
   16200   -3.99842    0.54077    0.03995    0.33516   -0.32099    0.07352   -0.00687 
   16300   -4.00386   -0.73535    0.25433   -0.39238   -0.35651    0.03732   -0.62646 
   16400   -4.00114   -0.28234   -0.33121   -0.38152    0.46875    0.27524   -0.00475 
   16500   -3.99742    0.19236    0.07853   -0.25772   -0.08611   -0.42898    0.25924 
   16600   -4.00420   -0.29509   -0.83377   -0.40014   -0.46065   -0.55953   -0.07561 
   16700   -4.00478   -0.45459    0.29771    0.70603    0.24809    0.52205   -0.74429 
   16800   -4.00070   -0.87327   -0.02725   -0.33585   -0.07384   -0.02225    0.36695 
   16900   -3.99752   -0.16130   -0.22885   -0.78567    0.26352    0.02790   -0.02981 
   17000   -4.00411   -0.65954    0.57446    0.51121    0.20152   -0.57383    0.32322 
   17100   -4.00289    0.38517    0.04623   -0.32282    0.39297   -0.01920   -1.01254 
   17200   -4.00249    0.32204    0.33781   -0.07270    0.08902   -0.94060   -0.49325 
   17300   -3.99834   -0.16877   -0.06378    0.23045   -0.60904    0.16022    0.52604 
   17400   -3.99906    0.29659   -0.73949    0.01004    0.12293    0.24844    0.16416 
   17500   -4.00151   -0.92535   -0.01397    0.21209    0.01332   -0.19569   -0.37270 
   17600   -4.00021    0.15176   -0.25473    0.21062   -0.69080   -0.07709   -0.49574 
   17700   -3.99253    0.20959    0.10526    0.11224    0.25745    0.17450   -0.12008 
   17800   -4.00484   -0.03041    1.12515    0.64445   -0.03739   -0.22841   -0.68275 
   17900   -4.00124   -0.14220    0.27594   -0.28439    0.74350    0.33885    0.28910 
   18000   -3.98569    0.00124    0.26479    0.28025    0.08568    0.04551   -0.10880 
   18100   -4.00368    0.72635    0.36200   -0.51410    0.32376    0.55252    0.01581 
   18200   -4.00518    1.24034    1.14378   -0.68495   -0.54463    0.28461    0.28168 
   18300   -4.00054   -0.08268    0.17452    0.22484    1.38354    1.48205   -1.19960 
   18400   -4.00196    0.10080   -0.17844   -0.42707    0.41201   -0.57285    0.51400 
   18500   -4.00611   -0.55919   -0.70136   -0.55815   -0.52699   -0.78064   -1.00050 
   18600   -4.00652   -0.96373    0.12632    0.02388   -0.52456    0.17147    1.96521 
   18700   -4.00224    0.13382   -0.33195   -0.03371   -0.64997    2.00238    1.72511 
   18800   -3.98717   -0.10024    0.07869   -0.87340    0.02054    0.12206   -0.03619 
   18900   -4.00361    0.69512   -0.01498   -0.09783   -0.52868    0.28656    0.57438 
   19000   -4.00298   -0.87026    0.31840    0.34087    0.28071    0.03260   -0.45852 
   19100   -3.95160   -0.00622    0.04802   -0.01367   -0.19988   -0.31620    0.11140 
   19200   -4.00768    0.65541   -0.67324    1.26668    0.68632   -0.14678    2.13531 
   19300   -4.00611   -0.07745   -0.97580    0.06367    1.36009    0.17027    0.66153 
   19400   -3.99183    0.11542   -0.19410   -0.33177    0.11421    0.14295   -0.11543 
   19500   -4.00404   -0.36159    0.78716    0.33294   -0.20875   -0.21387   -0.65605 
   19600   -4.00206    0.39288   -0.56204   -0.09121    0.08053   -0.10117    0.54902 
   19700   -4.00384    0.56381   -0.34116   -0.31666    0.31007    0.72348    0.33183 
   19800   -4.00448    0.10237    0.02186   -0.67758   -0.94197   -0.52447    0.51770 
   19900   -3.99377   -0.12053   -0.07368    0.14787    0.23851   -0.01088   -0.62889 
   20000   -3.99825   -0.06364    0.24361   -0.13509   -0.62116    0.44086   -0.38683 
   20100   -4.00261    0.46433    0.44065   -0.19064   -0.65028    0.12117   -0.02075 
   20200   -3.99114    0.23689    0.39299   -0.26803    0.12651   -0.12657    0.03331 
   20300   -4.00360    0.40959   -0.49229    0.16008   -0.49418   -0.62315    0.41431 
   20400   -3.93608    0.02248   -0.00268    0.02815   -0.85713   -0.67059    1.03839 
   20500   -4.00115   -0.36832   -0.27778   -0.21100   -0.58266    0.23097   -0.03536 
   20600   -3.99736    0.09871    0.18895    0.13518    0.92044    0.00105    0.26014 
   20700   -3.99560   -0.27263    0.78268   -0.32096    0.00911   -0.21267    0.05376 
   20800   -3.99591    0.09345    0.70030    0.07843    0.01832    0.17036   -0.16906 
   20900   -3.99642   -0.15502   -0.15664    0.26245    0.05205   -0.40059   -0.05931 
   21000   -3.99019   -0.06782    0.10896   -0.10621   -0.04315   -0.26851    0.50738 
   21100   -3.99707    1.25534   -0.29728   -0.49005    0.14112   -0.16871   -0.05847 
   21200   -4.00134   -0.54865   -0.00194    0.42946   -0.17391   -0.09951    0.44256 
   21300   -4.00545    0.38223    0.62916    0.67028   -0.56487    0.32321   -0.86598 
   21400   -3.99986   -0.20787    0.31965   -0.19584   -0.26759   -0.08669    0.50803 
   21500   -3.99608    0.25138    0.08121   -0.21428   -0.35551   -0.13981    0.08504 
   21600   -3.99899    0.13497   -0.40749    0.03623    0.27342    0.37600    0.13543 
   21700   -4.00236    0.32632   -0.34454    0.05447    0.14107    0.85357    0.48064 
   21800   -4.00242   -0.34331    0.27816    0.13160   -0.12817    1.08498    0.06999 
   21900   -4.00338   -0.74241   -0.19585   -0.35329   -0.24892   -0.16430    0.58060 
   22000   -3.98694   -0.11978    0.22136    0.02258   -0.12538   -0.01989   -0.15349 
   22100   -3.97399    0.06123    0.03771   -0.03028   -0.82617    0.32499   -0.22032 
   22200   -4.00150    0.71541    0.31129   -0.26419   -0.03221   -0.03890    0.44844 
   22300   -4.00350   -0.48919   -0.67729    0.26224    0.15602    0.44460    0.45538 
   22400   -4.00705    1.30066   -0.49704    0.98119   -0.65600    1.16512    0.27683 
   22500   -4.00459    0.71941    0.00841   -0.54928   -0.38216    0.65532    0.42595 
   22600   -4.00209   -0.09779    0.16862   -0.43278    0.37690    0.12211   -0.81807 
   22700   -4.00480    0.60610   -0.41128   -0.02641    0.42375   -0.53742    1.02405 
   22800   -3.99945   -0.48193    0.37214   -0.19134    0.35954    0.07483    0.09023 
   22900   -3.99785    0.05100    0.12493    0.20017   -0.79475   -0.83253    0.92350 
   23000   -4.00722    0.25652   -1.25419   -1.12297    0.63308    1.35269    0.16760 
   23100   -4.00539    0.83203    0.09605   -0.39952   -0.78164    0.69906    0.46270 
   23200   -3.98446   -0.30672    0.38458    0.56437   -0.11180   -0.03027   -0.01238 
   23300   -3.99450   -0.32133   -0.06951   -0.02888   -0.25609   -0.19799   -0.03777 
   23400   -3.97868    0.75255    0.08072    0.47144    0.02062   -0.04346    0.07712 
   23500   -4.00622    1.18977    0.49852    0.07551    1.14299    0.20056    0.06488 
   23600   -4.00140   -0.31182   -0.02161    0.85005   -0.08710    0.38145    0.16023 
   23700   -4.00025    0.25062    0.30080   -0.45460   -0.12884    0.18586    0.38519 
   23800   -4.00543   -0.61295   -0.54978   -0.21441    0.69463   -0.64939    0.91327 
   23900   -4.00475   -0.17761    0.62195    0.43513    0.38149    0.93666   -0.43032 
   24000   -4.00163   -0.12742   -0.90879    0.40103    0.17183   -0.06125    0.37753 
   24100   -3.99213   -0.45860   -0.20761   -0.66632    0.08017   -0.13943   -0.06180 
   24200   -4.00554    0.58044   -0.62433    0.42804   -1.10879   -0.32609    0.25569 
   24300   -4.00200    0.30574   -0.41630   -0.45674    0.18263   -0.50308    0.15782 
   24400   -3.99828    0.32599    0.20831   -0.14263    0.03581    0.09980   -0.43518 
   24500   -4.00280    0.50389   -0.01964   -0.00374   -0.27168   -0.31745   -0.96266 
   24600   -3.94643    0.02065   -0.03560   -0.01740    0.39182    0.13963    0.26604 
   24700   -4.00158   -0.42249    0.39440   -0.13805    0.02620   -0.53967    0.21795 
   24800   -4.00050    0.20986    0.37151   -0.24568    0.24152    0.46791   -0.19443 
   24900   -4.00145    0.60311   -1.01182    0.99484   -0.07891    0.31431   -0.14948 
   25000   -3.99958    0.09675   -0.30047   -0.01681    0.39613    0.67678    0.62426 
   25100   -4.00149   -0.29915   -0.29507    0.02844    0.11718    0.93029    0.10510 
   25200   -4.00416    0.84040    0.47259    0.15554   -0.50856   -0.39184   -0.32153 
   25300   -3.99717    0.22637    0.11678   -0.10142    0.65624   -0.22809   -0.07040 
   25400   -4.00184    0.17300   -0.05163    0.46543   -0.43369    0.20215   -0.60429 
   25500   -3.99757   -0.16637   -0.09475   -0.19023   -0.18943   -0.36126   -0.70824 
   25600   -4.00188    0.28677   -0.52097   -0.44542   -0.32623    0.02928    0.39831 
   25700   -4.00238   -0.45598   -0.40776    0.41446   -0.00374   -0.41479   -0.39618 
   25800   -3.99938   -0.23036   -0.30687   -0.01637   -0.17530   -0.26361   -0.52308 
   25900   -4.00354   -0.24057   -0.39413   -0.70731   -0.50895   -0.43253   -0.12992 
   26000   -3.99396   -0.22271    0.14965    0.47949   -0.04629    0.17910   -0.12462 
   26100   -4.00486   -0.92995   -0.03622   -0.38794    0.36084   -0.76754    0.14923 
   26200   -4.00274    0.03441    0.44405   -0.45877    0.06595   -0.25273   -0.66805 
   26300   -4.00349   -0.00258   -0.34121   -0.63636   -0.26918   -0.54084   -0.48881 
   26400   -4.00153    0.15353   -0.35275   -1.67252    0.22644    0.13917   -0.23162 
   26500   -4.00685    0.24951    0.54228   -1.28265   -0.31949   -0.67793   -1.25105 
   26600   -4.00523    1.09781    0.18093    0.38003   -0.42255    0.40073    0.63415 
   26700   -4.00288    0.41305   -0.45207    0.06953    0.75043   -0.19662    0.07905 
   26800   -3.98972   -0.31572    0.06029    0.11800    0.16747   -0.03888   -0.10239 
   26900   -4.00508    0.10679   -0.69038   -1.11825   -0.01519    0.76319    0.01047 
   27000   -4.00037   -0.28260   -0.12180    0.01354    1.07571    0.44750   -1.12830 
   27100   -4.00486    0.24741   -0.51593    0.92444   -0.25866   -0.73028    0.24250 
   27200   -4.00441   -0.95149    0.22390   -0.29262   -0.39115    0.15958    0.61255 
   27300   -3.99873    0.05525   -0.33446    0.00359    0.16960   -0.60398    0.17343 
   27400   -4.00071    1.01400   -0.19116    0.27613    0.32429    0.06807   -0.13404 
   27500   -4.00494   -1.04813   -0.31916    0.43948   -0.06124   -0.71051    0.32796 
   27600   -4.00206   -0.13399    0.74072   -0.01241    0.18022   -0.22459   -0.44450 
   27700   -3.99980   -0.53679   -0.26793   -0.28048    0.16274   -0.19728   -0.29344 
   27800   -3.99653   -0.14575    0.05135    0.24217   -0.46752    0.18121   -0.20696 
   27900   -4.00640   -0.91108    0.34632   -0.84006    0.32387   -1.22645    0.03224 
   28000   -4.00256   -0.82992    0.11290    0.08581    0.01134   -0.27470    0.46824 
   28100   -4.00285   -0.66394   -0.03782    0.01611   -0.33862    0.53299   -0.31751 
   28200   -3.99190   -0.37290   -0.49762   -0.07064   -0.02931   -0.03793    0.17576 
   28300   -4.00344   -0.65064   -0.29380    0.14206   -0.46537   -0.07225   -0.59498 
   28400   -3.99766   -0.18836   -0.07271   -0.16451   -0.66196    0.33990    0.58774 
   28500   -4.00404    0.25402   -0.64989    0.35658    0.39793    0.20774    0.71309 
   28600   -4.00160   -0.41214   -0.43764   -0.63928    0.12522   -0.14091    0.40141 
   28700   -4.00125   -0.92421   -0.12816    0.08024    0.32774   -0.22140   -0.09446 
   28800   -4.00467    0.80870    0.19437    0.08367   -0.46363   -0.72848   -0.44526 
   28900   -4.00353    0.29924   -0.58276    0.03011    0.61630   -0.23757   -0.58571 
   29000   -4.00345    0.35862    0.66962    0.07567    0.15709    0.68631   -0.17595 
   29100   -3.99226   -0.15142   -0.07759   -0.11816   -0.15673    0.15667    0.41614 
   29200   -4.00010   -0.53975    0.68100   -0.18292   -0.24979   -0.17679   -0.17443 
   29300   -3.98454    0.07152   -0.08091    0.01666   -1.23232   -0.28132    0.49302 
   29400   -3.99342    0.39211   -0.33455   -1.43808   -0.07058   -0.01148   -0.15513 
   29500   -4.00339   -0.32945   -0.62136   -0.28258    0.33168    0.10279    0.62827 
   29600   -3.99984   -0.11578    0.04825   -0.31566   -0.72709    0.51110   -0.07444 
   29700   -4.00095   -0.28417    0.52369    0.34923    0.39207    0.21799   -0.08338 
   29800   -4.00322   -0.18365   -0.09139    0.55081    0.74196    0.09540   -0.55471 
   29900   -4.00236    0.20373   -0.55726   -0.15893   -0.49929    0.39728    0.22564 
   30000   -3.99238   -0.44354   -1.16622    0.39268   -0.04631   -0.13623    0.07627 
   30100   -3.98541    0.07037    0.05903    0.07550    0.01718    0.75366   -0.43702 
   30200   -3.99671    0.20124    0.24448   -0.10142   -0.08820    0.40606   -0.15834 
   30300   -3.99716   -0.34552   -0.39174    0.24829    0.10082    0.19459   -0.20187 
   30400   -3.98683   -0.25741   -0.15678   -0.15656   -0.15789   -0.04674    0.00252 
   30500   -4.00567   -0.21966    0.59296   -0.39910    0.53300   -1.84916   -0.43098 
   30600   -3.99865    0.09261    0.14359    0.37148    0.02121    0.20750    0.43508 
   30700   -4.00138    0.05818   -0.44338   -0.50801   -0.27058   -0.28208   -0.31244 
   30800   -3.99851    0.72511    0.15467   -0.06121   -0.14651    0.26815   -0.05133 
   30900   -4.00067   -0.04024    0.37368    0.05546   -0.56761    0.03751   -0.69256 
   31000   -4.00500    0.26656   -0.20790    0.70248    0.48166   -0.57806   -0.96782 
   31100   -4.00108   -0.13672    0.09066    0.37535   -0.66576    0.35867   -0.42941 
   31200   -4.00327   -0.28070   -0.40967    0.27310   -0.77956    0.58690    0.24407 
   31300   -4.00261    0.29545   -0.53123   -0.43825    0.00086   -0.44534   -0.39860 
   31400   -4.00481   -0.96848   -0.59500   -1.09800   -0.13620   -0.35509   -0.52659 
   31500   -3.99816   -0.10547   -0.04280   -0.23598    0.54213   -0.79625    0.59123 
   31600   -4.00291    0.68079   -0.01792    0.29895   -0.12773    0.23753   -0.58628 
   31700   -4.00032    0.36644    0.31302   -0.50760    0.39302    0.03465   -0.10229 
   31800   -4.00545    0.57441    0.43003    0.43205    1.08003   -0.69941   -0.44371 
   31900   -4.00483   -0.66337    0.12009   -0.32026   -1.17797    0.25079    0.14082 
   32000   -4.00520    0.26330   -1.29929   -0.85753   -0.63727    0.05319    0.33084 
   32100   -4.00527   -1.10320    0.01100    0.06291   -0.57746   -0.42482   -0.56892 
   32200   -4.00359    0.22519   -0.37619   -0.45966    0.55376   -0.36473    0.66753 
   32300   -4.00646   -0.37776    0.23580   -1.02720   -0.42406    0.56481    1.37017 
   32400   -4.00143    0.80225    0.61053   -0.00574    0.15146   -0.29387    0.23513 
   32500   -4.00368   -0.58301    0.93605    0.25893    0.00753    0.06634   -0.57809 
   32600   -4.00318    0.43144    0.25637   -0.08168   -0.38171    0.23359    1.12937 
   32700   -4.00259   -0.06225   -0.32417   -0.45902   -0.79282   -0.01341   -0.11238 
   32800   -3.99987   -0.30187   -0.23178   -0.24880    0.21826   -0.24614    0.42739 
   32900   -4.00560   -0.64492    0.50078    0.21879   -0.94154    0.16637   -1.09954 
   33000   -4.00472    1.18793   -0.08456    1.31659    0.50683    0.28954   -0.17569 
   33100   -4.00141   -0.10357    0.01883    0.56925    0.53635   -0.08406    0.18990 
   33200   -4.00327   -0.21418   -0.12086    0.50087   -0.95177    0.03905   -0.41081 
   33300   -3.99659   -0.05999   -0.08012   -0.25925   -0.07504    0.46653    0.34810 
   33400   -4.00410   -0.82881    0.62478   -0.09892   -0.14918   -0.15988   -0.63806 
   33500   -4.00102   -0.40972    0.02291   -0.45761    0.21067   -0.42008    0.18072 
   33600   -4.00190    0.33781    0.55446    0.92532    0.26183   -0.14798    0.28959 
   33700   -3.99073    0.10853   -0.03458   -0.10888    0.63853    0.49447    0.24056 
   33800   -4.00143    0.38455   -0.42078   -0.00548    0.14891    0.40255   -0.39957 
   33900   -4.00291   -0.30799    0.07445   -0.46774   -0.69875    0.41176   -0.36193 
   34000   -4.00250    0.54880    0.60529   -0.43828    0.18372    0.34157    0.32638 
   34100   -3.99587   -0.39674   -0.12429   -0.56750    0.09713   -0.17823    0.12954 
   34200   -4.00013    0.13713   -0.18451    0.28450    0.69798    0.39234    0.17412 
   34300   -4.00152    1.22808   -0.32713    0.50417    0.14849   -0.13339    0.31292 
   34400   -3.99632   -0.07111    0.05705   -0.21158   -0.60990    0.68558   -0.20068 
   34500   -4.00398    0.38848   -0.40551    0.28883   -0.06607   -1.06064   -0.30926 
   34600   -3.99696    0.06914   -0.07828   -0.27337   -0.19870    0.53731    0.03498 
   34700   -4.00483    1.06768   -0.26225   -0.15655   -0.36302    0.19459   -0.67499 
   34800   -4.00647    0.34466   -0.81968    0.85160    1.17184   -0.72136    0.09934 
   34900   -3.99947    0.04817   -0.32829    0.33123    0.48097    0.02785   -0.03220 
   35000   -3.99271   -0.22411   -0.01403    0.01627   -0.32107   -0.05730    0.27710 
   35100   -4.00213   -0.14818   -0.66985   -0.35350   -0.46566   -0.24526    0.04002 
   35200   -3.99393   -0.12305   -0.14547    0.20650   -0.03986   -0.34222   -0.11407 
   35300   -3.99291    0.08569   -0.00721    0.23076    0.23743    0.20060   -0.21601 
   35400   -3.99270    0.56629   -0.74340   -0.45071    0.13398    0.09446   -0.05171 
   35500   -4.00579   -0.54841   -0.36000    1.38295    0.35493   -0.78945    0.11656 
   35600   -4.00026   -0.09373    0.30020   -0.03653   -1.04569    0.76084   -0.35098 
   35700   -3.98641    0.02869    0.12690   -0.02804    0.17310   -0.11164   -0.56464 
   35800   -4.00588    1.07051   -0.31232    0.00977   -0.57587    0.48292    0.87300 
   35900   -4.00453   -0.34395   -0.97168    0.21279    0.43194    0.56738   -0.24043 
   36000   -4.00130   -0.22614   -0.17190    0.99598   -0.35702    0.12552   -0.10751 
   36100   -4.00471   -0.81749   -0.30294   -0.03795    0.58609   -0.71614   -0.16132 
   36200   -4.00053    0.20876    0.29339    0.20693   -0.10838   -0.53309   -0.46877 
   36300   -4.00493   -0.10804   -0.61383    0.52830    0.24497   -0.19824   -1.06387 
   36400   -4.00200    1.14437    0.22096   -0.83668   -0.08354    0.30514   -0.23287 
   36500   -3.99897   -0.27700   -0.15822   -0.14700    0.07525   -0.19378    0.61240 
   36600   -4.00449   -0.28853    0.35881   -0.38254    1.27558   -0.82492   -0.53540 
   36700   -4.00636    0.19458   -1.36353   -0.68760   -0.36477   -0.39263    0.93291 
   36800   -4.00388    0.59593   -0.33557    0.12123    0.31504   -0.84170   -0.21006 
   36900   -4.00393    0.31987   -0.78108    0.62462    0.10190   -0.53438    0.34353 
   37000   -3.99836    0.50214    0.08705   -0.13208    0.09624    0.15967    0.31548 
   37100   -4.00196    0.26644    0.06059   -0.44815   -0.52151   -0.45365   -0.26622 
   37200   -3.97887   -0.56524    0.92586    0.32586    0.03859   -0.07480    0.03056 
   37300   -4.00682   -0.32670   -1.31598   -0.31851   -1.09117    0.19463   -0.94144 
   37400   -4.00396   -0.05364    0.52889    0.69478   -0.57985    0.07720   -0.45469 
   37500   -4.00316    0.09490   -0.64769    0.01751   -0.52858    0.09280    0.57398 
   37600   -3.99892   -0.45083   -1.08963   -0.07419   -0.24547   -0.13186    0.02993 
   37700   -4.00395    0.05469    0.36713    0.50987   -0.07520   -0.62475    0.89882 
   37800   -3.99664   -0.45246   -0.26985    0.56162    0.19246    0.05015   -0.15326 
   37900   -4.00788   -1.94129   -0.17178    1.61059   -0.02858   -0.79453   -1.45077 
   38000   -4.00239    0.37399   -0.12142    0.10075   -0.26534   -1.04994    1.16021 
   38100   -3.99837   -0.14489   -0.56879   -0.15853   -0.19200   -0.27542   -0.00067 
   38200   -4.00426   -0.23160    0.68130   -0.52353   -0.48665   -0.63066   -0.01096 
   38300   -4.00201   -0.33790   -0.12217    0.03481   -0.27492    0.18325    2.11650 
   38400   -4.00021    0.24448    0.12049   -0.17185   -0.08137   -0.28032   -1.18754 
   38500   -4.00228   -0.87585    0.29989   -1.34630   -0.05915   -0.33184    0.20879 
   38600   -3.99853   -0.00620   -0.14728   -0.35786    0.28960   -0.32805    0.25286 
   38700   -4.00555    0.60925   -0.55948   -0.51810   -0.22916   -0.18969   -1.11681 
   38800   -4.00077   -0.12806   -0.32349   -0.09179   -1.07092   -0.10505   -0.01160 
   38900   -3.98913    0.00164    0.08899   -0.12302   -0.15428   -0.28143    0.55614 
   39000   -3.99681   -0.21184   -0.12435   -0.20239    0.09947    0.33281   -0.33450 
   39100   -4.00615   -0.69751   -1.24539   -1.03755    0.78907    0.45564   -0.07872 
   39200   -4.00539    1.12943    1.69799   -1.29821    0.53948   -0.02175    0.36418 
   39300   -4.00550   -0.04247   -0.22114   -0.68470    1.21401    1.29579   -0.73503 
   39400   -4.00195   -0.02944    0.47591   -0.41020   -0.04327    0.57018   -0.17910 
   39500   -3.99897    0.21210    0.20367   -0.12950    0.29967    0.25246    0.67403 
   39600   -3.99370    0.27529   -0.21817   -0.00006    0.13688    0.21869   -0.11225 
   39700   -4.00274    0.18997   -0.54675   -0.03024   -0.14605   -0.40520    0.68588 
   39800   -4.00452   -0.06527    0.45921   -0.89086    0.06180    0.75498   -0.17324 
   39900   -4.00294    0.07719   -0.76857   -0.69312   -0.12118    0.20787    0.46226 
   40000   -4.00021    0.23058   -0.17117    0.22906    0.56983   -0.59787   -0.10357 
   40100   -3.99209    0.10691    0.04486    0.12419   -0.02288   -0.43273   -0.77196 
   40200   -3.98474    0.23608   -0.22817   -0.02426    0.07207    0.12103   -0.04387 
   40300   -4.00263   -0.60039    0.59378   -0.14737    0.05750   -0.49869   -0.21234 
   40400   -3.99991    0.54161    0.09412   -0.35946   -0.35513    0.15123    0.09617 
   40500   -3.98369   -0.03754    0.12354   -0.08937    0.20517    0.01434   -0.15923 
   40600   -3.98885    0.40085    0.48935   -0.35943    0.13771   -0.00707    0.04635 
   40700   -4.00358   -0.36231   -0.46325   -0.35514    0.01817    0.40013   -0.74284 
   40800   -4.00093    0.53524    0.03089   -0.08994   -0.16191   -0.49655    0.18162 
   40900   -4.00194   -0.35041   -0.52149    0.37176    0.40205   -0.29862   -0.16651 
   41000   -3.99077   -0.15690    0.34745    0.28338   -0.04078    0.17898    0.02088 
   41100   -4.00592   -0.43740   -0.74214    0.27189   -1.10656   -0.80465   -0.75225 
   41200   -4.00151   -0.42072    0.11080   -0.29880    0.23712    0.40534    0.45306 
   41300   -4.00211   -0.56043   -0.60280    0.88728   -0.09160   -0.12813    0.39096 
   41400   -4.00043    0.06808   -0.48893   -0.49190   -0.17064    0.03159   -0.37827 
   41500   -3.99562   -0.70861   -0.00732   -0.04250    0.22140   -0.02406   -0.07408 
   41600   -4.00179   -0.84381    0.18149   -0.54838    0.41766   -0.03281   -0.07970 
   41700   -4.00078    0.05369   -0.43662    0.83637    0.31193    0.11719   -0.17784 
   41800   -3.99868   -0.42164   -0.71854    0.58385   -0.10516   -0.14940   -0.21725 
   41900   -4.00466    0.03304    0.92122   -0.51203    0.10954    0.71013    0.30804 
   42000   -4.00117   -0.35556    0.27808    0.33124   -0.26060   -0.21788    0.45177 
   42100   -4.00493   -0.20284   -0.70687    0.65115    0.03854   -0.88880    0.16069 
   42200   -4.00548    0.05482   -0.83000   -0.53049    0.55499    0.84042    0.45930 
   42300   -3.99783   -0.05589   -0.24550    0.01678   -0.69731    0.40963   -0.82581 
   42400   -4.00499   -0.56675    0.51737    0.38504    0.78342   -0.72491   -0.01532 
   42500   -4.00140   -0.71041    0.25543   -0.37552   -0.37794    0.17084   -0.13990 
   42600   -3.99658   -0.06337    0.65605   -0.08751   -0.23399    0.02661   -0.11752 
   42700   -3.99327   -0.26620    0.31593    1.06966    0.16357    0.03011   -0.05662 
   42800   -3.99999    0.95255   -0.04562    0.12832    0.01935   -0.06137   -0.33061 
   42900   -4.00521    0.93418    0.82262   -1.73961    0.03677    0.62559    0.14820 
   43000   -4.00258   -0.42223    0.03634    0.21202   -0.36957   -0.61476    0.83374 
   43100   -4.00694    0.90500   -1.01947   -0.81113   -0.17727   -0.64467   -1.20084 
   43200   -4.00667   -0.15536   -0.81793    0.65789   -1.71855    0.65228   -0.58709 
   43300   -4.00584    0.48399    0.51901    0.83953   -0.49432   -0.33790    0.98475 
   43400   -3.99900   -0.26295   -0.54192    0.05148   -0.00323    0.31765    0.18253 
   43500   -4.00501   -0.37870   -0.11626   -0.48974    1.25098   -0.79591   -1.29681 
   43600   -3.99559   -0.24302    0.47536    0.05274    0.07105    0.18370   -0.17278 
   43700   -3.99592   -0.08953    0.31196    0.19990    0.28103    0.18638    0.04962 
   43800   -3.99555   -0.35482   -0.13544    0.30778    0.18127    0.17680   -0.10448 
   43900   -4.00124    0.37363    0.34587   -0.19406    0.40402   -0.38396    0.19488 
   44000   -3.99864   -0.56465    0.77504   -0.23587   -0.24343   -0.13984    0.04871 
   44100   -3.99774    0.41369    0.34733    0.36182    0.10347    0.27351    0.07016 
   44200   -4.00124    0.24616   -0.24597    0.47247   -0.42232    0.06805   -0.34196 
   44300   -4.00272    0.29238   -0.45825    0.70023    0.46216    0.27897   -0.06210 
   44400   -3.99730   -0.21852    0.20701   -0.01541   -0.20728   -0.20808   -0.50456 
   44500   -4.00034   -0.28505    0.14416    0.01873    1.30695    0.23879   -0.16677 
   44600   -4.00267    0.46496   -0.47765    0.02876   -0.29305    0.52250   -0.30445 
   44700   -4.00396    0.31024    0.08831   -0.82860   -0.34257    0.09208    0.63910 
   44800   -4.00150   -0.00048   -0.15211    0.67069    0.21145    0.19605   -0.41498 
   44900   -3.99743    0.06781    0.28091    0.06497    0.07663   -0.00478   -0.61839 
   45000   -3.99863   -0.49222   -0.28001    0.67626    0.23666   -0.17329   -0.03039 
   45100   -4.00026   -0.19977    0.01687   -0.51028    0.09364   -0.44477    0.15709 
   45200   -4.00199   -0.35793   -0.34924   -0.47779    0.42186   -0.27742    0.23200 
   45300   -4.00310    0.09906   -0.57582   -0.34230   -0.67831   -0.27990    0.12121 
   45400   -4.00020    1.03715   -0.46882   -0.07248    0.01528    0.24459   -0.21782 
   45500   -4.00250    0.32617   -0.15093    0.82968    0.18946    0.46541    0.11054 
   45600   -3.99411    0.09973    0.10384    0.10899    0.69248   -1.21060    0.24369 
   45700   -4.00175    0.07745    0.45289    0.20734    0.66453    0.19316    0.25785 
   45800   -3.99774    0.37666    0.18718   -0.14219    0.27940   -0.11041   -0.23756 
   45900   -4.00286   -0.08455   -0.18649    0.40982    1.04426   -0.30764   -0.82968 
   46000   -4.00108    0.38276    0.47283    0.35776    0.18686   -0.27364   -0.31859 
   46100   -4.00172    0.07672    0.65804    0.05908    0.23799   -0.43574    0.21804 
   46200   -3.99970    0.44772   -0.00200    0.25019   -0.01706    0.28889   -0.35959 
   46300   -4.00488   -0.47814    0.98676   -0.16130    0.38590   -0.31748    0.62997 
   46400   -3.98765    0.36783    0.12792    0.26976    0.05819   -0.07815   -0.11618 
   46500   -4.00388   -0.43509   -0.51863    0.51625    0.72582    0.12819    0.08030 
   46600   -3.99908   -0.18624    0.15787    0.09941    0.63134    0.93403   -1.39074 
   46700   -4.00074    0.34730   -0.31248   -0.21482    0.15832   -0.03008    0.53907 
   46800   -3.99928    0.28839   -0.00751    0.10523   -0.30713   -0.66963    0.64364 
   46900   -3.99828    0.48661   -0.72647    0.27285    0.03311   -0.07196    0.26912 
   47000   -3.99107    0.10167    0.03611    0.10433    0.96685    0.68332   -0.64447 
   47100   -4.00533   -0.63713   -0.02037    0.32705   -0.93432   -0.17592   -1.45353 
   47200   -4.00277    0.36771   -0.10469   -0.41496   -0.68860   -0.47449    0.15320 
   47300   -4.00159    1.01030    0.02698   -0.38837    0.19802    0.31631    0.15473 
   47400   -4.00252    0.13359   -0.27082   -0.64542   -0.01555   -0.55140   -0.26136 
   47500   -4.00401    0.59156    0.55763   -0.29412   -0.67906   -0.22659    0.24991 
   47600   -3.99323   -0.04775   -0.26886   -0.16008    0.11804   -0.09562   -0.24966 
   47700   -4.00100   -0.93618    0.08736   -0.49710    0.15381   -0.00518    0.33991 
   47800   -3.99632   -0.01089    0.45607    0.16841   -0.13796   -0.15311    0.21631 
   47900   -3.97266   -0.52633    0.06441    0.20550   -0.04282   -0.06070   -0.02690 
   48000   -4.00482    0.30691   -0.38984   -0.94200    0.72533   -0.10873   -0.35451 
   48100   -4.00194    0.50254   -0.80542    0.22400    0.34179    0.27458    0.08410 
   48200   -3.99921   -0.64841   -0.56600   -0.18975    0.14014   -0.13932    0.24591 
   48300   -4.00285   -0.00761    0.17095    0.47638   -0.16006   -1.04632   -0.08564 
   48400   -3.99981    0.47815   -0.36556    0.10210    0.14912    0.18199    0.33650 
   48500   -3.99965    0.03864   -0.30253   -0.17916   -0.58639    0.40101   -0.28060 
   48600   -4.00343    0.20410   -0.60114   -0.48256    0.69004    0.03724   -0.06245 
   48700   -4.00300    0.15064   -0.47032   -0.17762   -0.59338   -0.51173   -0.69425 
   48800   -3.99849   -0.22172   -0.19150    0.38923   -0.32739   -0.02134    0.22166 
   48900   -4.00029   -0.41075   -0.19458    0.17309   -0.08101    0.51416    0.16122 
   49000   -3.99471   -0.05286   -0.14400    0.20054   -0.22474    0.36785    0.22448 
   49100   -4.00636   -0.94462    0.48592    0.05252    1.10596   -0.01782   -1.10738 
   49200   -4.00238    0.01917   -0.26928   -0.63875   -0.10021    0.59592   -0.01908 
   49300   -4.00643   -0.21230    0.54128   -0.95568    0.10417   -0.02238   -1.51323 
   49400   -4.00546   -0.72091    0.38922   -0.65692   -0.32173   -0.64450    0.73593 
   49500   -3.99603   -0.49166    0.29000    0.11433    0.21414   -0.14473   -0.05095 
   49600   -4.00107   -0.33127    0.61534   -0.04110   -0.36593   -0.26089    0.10434 
   49700   -4.00313   -0.34817    0.02199   -0.72611   -0.47809   -0.12102   -0.40410 
   49800   -3.99815    0.20282   -0.05477   -0.39252   -0.40092   -0.01763   -0.06397 
   49900   -4.00110    0.63215   -0.36877   -0.03362   -0.09745   -0.04591   -0.43777 
   50000   -4.00393   -0.40400   -0.43728   -0.09103   -0.93726    0.64081   -0.33003 
   50100   -3.99607   -0.18817    0.05169   -0.16451   -0.25193    0.12135   -0.56680 
   50200   -3.99549   -0.13452   -0.12294    0.28664    0.09300    0.04896   -0.34461 
   50300   -4.00094   -0.26120    0.64394   -0.08505   -0.18876   -0.34679   -0.21888 
   50400   -4.00397   -0.36345    0.14925   -0.44695    1.08858    0.45493    0.36344 
   50500   -3.99334    0.34906    0.14297   -0.21201    0.07683   -0.15541    0.16096 
   50600   -4.00082   -0.79188    0.52182   -0.25334    0.02398   -0.37342   -0.01554 
   50700   -3.99000    0.07148   -0.06977    0.31012   -0.05555   -0.12315   -0.16199 
   50800   -3.99292   -0.33611   -0.11040    0.02418   -0.03528   -0.14710    0.20887 
   50900   -4.00366    0.52180   -0.00422   -0.43746    0.14580    0.00888    0.86581 
   51000   -4.00583   -0.77323    0.32013    0.58493    1.23748    0.08548   -0.10754 
   51100   -4.00412   -0.69322    0.49938    0.29878    0.20864    0.38571    0.61145 
   51200   -4.00387   -0.32184   -0.46742    0.15878    0.55051   -1.06765    0.04343 
   51300   -4.00484    0.28115    0.73142    0.02722    0.98389    0.24447    0.49628 
   51400   -4.00379    0.04402    0.40885    0.72894   -0.58325   -0.38173    0.22340 
   51500   -4.00609   -0.37955   -1.75333   -0.94082    0.13218    0.56711    0.60698 
   51600   -4.00036    0.10197    0.51920   -0.01763    0.40716    0.24277    0.17677 
   51700   -4.00455   -0.31127    0.92818    0.57013    0.24586   -0.47144   -0.48750 
   51800   -4.00515   -0.92093   -0.78481    0.48030   -0.29046   -0.30472    0.66351 
   51900   -4.00456    0.73555    0.72381    0.45432   -0.16218   -0.62576   -0.32665 
   52000   -3.99830   -0.33812    0.12232    0.06227   -0.48156    0.00801   -0.20441 
   52100   -4.00081    0.08444    0.05277   -0.49866   -0.15749   -0.19398    0.52231 
   52200   -4.00244    0.19533    0.88758    0.29993   -0.09517   -0.09585   -0.47368 
   52300   -4.00427   -0.27693    0.15864   -0.44673   -0.01968    1.74989    0.43928 
   52400   -3.99635   -0.10969    0.00994    0.49755    0.13404   -0.15468    0.20779 
   52500   -3.99991    0.13129    0.57657    0.53010    0.29179   -0.06748    0.20019 
   52600   -4.00565   -0.48942    0.94389    0.35020   -0.49008   -0.41788   -0.82130 
   52700   -3.99525   -0.03119    0.29206    0.80818   -0.17969   -0.11786    0.00971 
   52800   -3.99773   -0.22388    0.19559    0.05363    0.06897    0.52058    0.37104 
   52900   -4.00400   -0.09603   -0.22136    0.78856   -0.01562    0.71060   -0.34453 
   53000   -4.00168    0.32487    0.31957   -0.38822    0.00360    0.02415    0.59048 
   53100   -4.00136   -0.20161    0.86975    0.24105   -0.04683    0.37709   -0.16892 
   53200   -3.99974   -0.66252    0.14938    0.46794    0.14035    0.10687   -0.29805 
   53300   -3.99992   -0.08565   -0.40042   -0.20308   -0.34808   -0.40783   -0.07957 
   53400   -4.00193    0.66434   -0.27329    0.66346   -0.42895   -0.09717    0.07238 
   53500   -3.99218    0.15140    0.03716   -0.02081    0.00575    0.30370    1.57349 
   53600   -4.00594   -0.45741   -0.06740   -0.84809   -0.68281    1.24436    0.07477 
   53700   -3.99968   -0.59282    0.36783   -0.43497    0.14023   -0.11768   -0.29096 
   53800   -4.00123   -0.40592   -0.35614   -0.01546    0.11299   -0.56135    0.15844 
   53900   -4.00348   -0.52111    0.19144   -0.53501    0.05367    0.13393    0.71079 
   54000   -4.00064   -0.07808    0.21101    0.38856   -0.55436   -0.23964    0.24817 
   54100   -3.99336   -0.03137    0.13266   -0.15101    0.32331    0.40594   -0.33637 
   54200   -4.00397    0.80449    0.39119    0.06333    0.30011    0.59890   -0.28164 
   54300   -3.99885   -0.28052    0.10703    0.10981    0.73843    0.15529    0.10170 
   54400   -4.00064   -0.80360   -0.71056    0.93003    0.31084   -0.10238   -0.00405 
   54500   -4.00372   -0.33072    0.27736   -0.48054    0.52569    0.64572    0.48779 
   54600   -3.99459   -0.13877   -0.09412   -0.30528    0.17238    0.25849   -0.03889 
   54700   -4.00284   -0.35386    0.31155    0.25901   -0.17324    0.56110   -0.73721 
   54800   -3.99921   -0.17923    1.01387   -0.84275    0.07345   -0.27143    0.01174 
   54900   -3.99478    0.05346   -0.21133    0.10862   -0.20805    0.37336   -0.31524 
   55000   -3.99985   -0.26208    0.38607   -0.38438   -0.38152    0.14836   -0.07143 
   55100   -4.00079    0.20009   -0.38252   -0.19061   -0.07505    0.54081    0.31649 
   55200   -3.99427   -0.07260    0.08715    0.19047   -0.06993   -0.30946    0.50648 
   55300   -4.00173    0.37232   -0.53461    0.20749   -0.34130   -0.08472    0.39850 
   55400   -3.99458    0.37212   -0.22591   -0.41230   -0.21241    0.07096   -0.03911 
   55500   -4.00727   -0.34299    1.02527    1.18947   -1.10380   -0.64262    1.01966 
   55600   -4.00311   -0.42236   -0.21167    0.12427   -0.74707    1.02276    0.26951 
   55700   -3.99619    0.84396    0.10923   -0.02754    0.15976   -0.08791   -0.14628 
   55800   -4.00608   -0.16742    0.81722    0.57855   -1.37195    0.34100   -0.18503 
   55900   -4.00390   -0.19904   -0.20489    0.39370    1.94410   -0.93782   -0.01576 
   56000   -4.00214    0.35630    0.41408   -0.29855    0.13653    0.53660   -0.30645 
   56100   -4.00511   -0.72792    0.02293   -0.03808   -0.64259   -0.31307   -1.26856 
   56200   -4.00162    0.52038   -0.18651   -0.03458   -0.54087   -0.14905    0.29191 
   56300   -4.00468   -0.43408   -0.54137   -0.27298   -0.53547   -0.07751    0.99958 
   56400   -4.00477   -0.31798   -0.52249   -0.81951   -0.52816    0.04387    0.63547 
   56500   -4.00306   -0.18985    0.92330   -0.48245   -0.19109   -0.10143   -0.48159 
   56600   -4.00473    0.68462    0.28590    0.24938    0.92641   -0.00540   -0.55641 
   56700   -3.99914    0.26335    0.26391    0.29344   -0.07906   -0.43463    0.08717 
   56800   -4.00546   -0.31414   -0.42534   -0.72573   -0.18295   -0.96561    0.74947 
   56900   -4.00506    0.88168   -0.28441   -0.40308   -0.61934   -0.17891   -0.65845 
   57000   -4.00340    0.18183    0.98460    0.57826   -0.12580    0.37121   -0.37548 
   57100   -4.00680   -0.02133    1.54372   -1.38115   -0.83585   -0.07300   -0.66861 
   57200   -4.00320   -0.55406    0.06086   -0.46713   -0.01296   -0.25253   -0.66263 
   57300   -3.99764    0.03216    0.38625   -0.05466   -0.08057   -0.31225    0.27865 
   57400   -4.00461    0.32797    0.17592    0.80404    0.12780   -0.36987    0.80230 
   57500   -4.00043    0.32091   -0.09972    0.75088   -0.12576   -0.35106    0.07951 
   57600   -4.00456    0.42249   -0.14038   -0.65956    0.58152    0.03533   -0.80267 
   57700   -4.00212   -0.00314   -0.31208   -0.43878   -0.25207    0.70341    0.00410 
   57800   -3.99807    0.04834   -0.12426    0.21554   -0.31751   -0.81141   -0.91241 
   57900   -4.00244   -0.43452   -0.29804    0.06805   -0.34500    0.01264   -0.76426 
   58000   -4.00431    0.04930    0.36395   -1.48422    0.15820   -0.29769   -0.47875 
   58100   -3.99678    0.19663    0.13115   -0.57433    0.23576   -0.11789   -0.08311 
   58200   -3.99910   -0.15800   -0.27332   -0.11257    0.35032    0.34615    0.54368 
   58300   -3.99748   -0.01450    0.04949   -0.29136    0.25904    0.51835   -0.25153 
   58400   -4.00330   -0.64627    1.36469    0.00057   -0.15662    0.10203    0.44204 
   58500   -4.00649    0.14923    1.59725    0.41509   -1.02668    0.02919   -0.32524 
   58600   -3.99625   -0.20726   -0.30532   -0.61826    0.19737    0.02586    0.14700 
   58700   -3.99484    0.04144    0.20886   -0.07888    0.52003   -0.00574   -0.37317 
   58800   -4.00277    0.16580   -0.27047   -0.40486   -0.33741   -0.87493    0.33835 
   58900   -3.99988   -0.01849   -0.27208    0.09085    0.85873    1.50403    0.31793 
   59000   -3.99862    0.60676    0.17630    0.09408    0.09405    0.29149    0.14146 
   59100   -3.98728   -0.15698   -0.11869    0.08005   -0.00186    0.23939   -0.03161 
   59200   -3.99786    0.22132    0.43137    0.43524    0.15378   -0.18379   -0.18791 
   59300   -4.00296    0.14072   -0.52037   -0.52278   -0.44396    0.13696    0.45109 
   59400   -4.00215    0.49024   -0.32472    0.19453   -0.47649    0.22355   -0.36041 
   59500   -3.99912   -0.72881    0.19114   -0.10752    0.32458   -0.04276   -0.04673 
   59600   -3.97400   -0.01777    0.08663   -0.02089    0.04740    0.23725    0.24608 
   59700   -3.98387    0.05259   -0.09277   -0.04386    0.62243    0.06851    0.26221 
   59800   -3.98661    0.01192   -0.12743   -0.03080    0.00178   -0.66125    0.06337 
   59900   -4.00747    1.45144   -0.22648   -0.65569    0.97063   -1.31627   -0.88547 
   60000   -4.00456   -0.05290   -0.64266   -0.68165    0.33880   -0.04145    0.76069 
   60100   -3.99457    0.11704    0.36936    0.04435   -0.16995    0.22773   -0.02428 
   60200   -4.00397   -0.15678    0.60803   -0.25645    0.71361   -0.46364   -0.49254 
   60300   -4.00315    0.05576    0.34627   -0.89962   -0.47405   -0.20805   -0.22812 
   60400   -4.00234    0.12848   -0.43561   -0.35085    0.02329    0.69304    0.22936 
   60500   -4.00192    0.12305   -0.81263    0.01787    0.02374   -0.45174   -0.17900 
   60600   -4.00169   -0.39894   -0.65820   -0.42674    0.20594    0.03367    0.39875 
   60700   -3.98883   -0.23190    0.51896    0.21901    0.01215   -0.12089    0.08997 
   60800   -4.00332   -0.01127   -0.63125    0.36030    0.22852   -0.17112   -0.67698 
   60900   -4.00395    0.04586   -0.10120   -1.37937   -0.28234    0.46671   -0.14161 
   61000   -3.97415    0.06299    0.05457   -0.00258    0.52595   -0.01539    0.11815 
   61100   -4.00490   -0.62046    0.35630   -0.46384    0.11622    0.75265   -0.70550 
   61200   -4.00076    0.71533   -1.01639   -0.82106    0.16678    0.27084   -0.08305 
   61300   -3.99630   -0.40038    0.51056    0.11918    0.16177    0.08062   -0.18224 
   61400   -4.00542   -0.46448    0.05700   -0.62229   -0.76918    1.28326    0.32125 
   61500   -4.00466    1.43079   -0.80578    0.24857    0.33286    0.03964    0.51635 
   61600   -4.00665    1.09250   -0.55586    0.78563   -0.47233   -0.74308    0.92747 
   61700   -4.00023    0.07899   -0.21526   -0.30331   -0.61754   -0.20977    0.42441 
   61800   -4.00407   -0.80203    0.03440   -0.63327   -0.28047   -0.21102   -0.58015 
   61900   -4.00320    0.59320   -0.52035   -0.01660    0.60235   -0.26096    0.06581 
   62000   -3.99767    0.47543    0.23483    0.05976    0.10407   -0.03804    0.31268 
   62100   -3.99947   -0.09249    0.22983   -0.12317    0.11648   -0.11466   -1.68958 
   62200   -4.00173   -0.07423    0.20978   -0.38861    0.25846   -0.79289    0.33951 
   62300   -4.00031   -0.24530   -0.37951   -0.47416    0.17933   -0.33211   -0.19342 
   62400   -4.00239   -0.37920    0.13339    0.44489    0.19064   -0.12514   -0.66349 
   62500   -3.97857   -0.21110   -0.40253    0.47140    0.06147   -0.00149    0.07110 
   62600   -4.00292   -0.39338    0.04019    0.22288   -0.94963    0.28273   -1.06601 
   62700   -3.99650    0.03470    0.28320    0.15747   -0.14420   -0.34955   -0.22646 
   62800   -4.00406    0.25615    0.66056   -0.24163    0.60923   -0.63968    0.11787 
   62900   -3.99577   -0.08744   -0.33535   -0.78755   -0.07118   -0.21035   -0.03416 
   63000   -4.00653   -1.24853   -0.89871   -0.21427   -0.83638   -0.76680    0.15185 
   63100   -3.99613   -0.14302   -0.38529    0.66945    0.22462   -0.07777    0.00698 
   63200   -4.00336    0.62327    0.81570    1.12583   -0.10461   -0.42721   -0.20116 
   63300   -3.99376    0.21864    0.04245   -0.25837   -0.01018   -0.28929    0.01973 
   63400   -4.00456   -1.15485   -0.52987    0.31096    0.38979    0.22484   -0.49159 
   63500   -3.99706    0.04247    0.42079   -0.03945    0.28454    0.12924    0.18146 
   63600   -4.00279   -0.18256    0.56547    0.02267   -0.41125   -0.43590    0.52344 
   63700   -3.99809    0.60607   -0.08068   -0.28794   -0.13532    0.23884    0.13860 
   63800   -4.00380   -0.02812    0.52418   -1.09149    0.40959   -0.40132    0.06905 
   63900   -3.99045   -0.08348   -0.02870    0.12259    0.90197    0.07308    0.38058 
   64000   -4.00225    0.03520   -0.58290   -0.32821   -0.55336   -0.22734    0.09446 
   64100   -3.99975   -0.05423    0.36050    0.17181   -0.50881   -0.29643    0.18942 
   64200   -4.00360   -0.89595   -0.25783    0.29645    0.31976   -0.18793    0.49801 
   64300   -3.99733    0.09671   -0.32263   -0.13843   -0.41088   -0.04986   -0.14829 
   64400   -4.00018    0.20405   -0.22943    0.33340    0.57546    0.06426   -0.00853 
   64500   -3.98983    0.12183    0.03620    0.16761    0.13343    0.21715    0.19391 
   64600   -4.00378    0.30456    0.70680   -0.23831   -0.67286    0.34284    0.03590 
   64700   -4.00278   -0.91122   -0.29677   -1.91129   -0.07073    0.01135    0.39719 
   64800   -4.00585    0.15714   -0.92571    0.50425    0.69521   -0.13475    0.96547 
   64900   -4.00254    0.22793   -0.25575   -0.25909   -0.81360   -1.13609    0.22264 
   65000   -4.00556   -0.19918   -1.61858    0.45259    0.00475   -0.69327    0.34240 
   65100   -4.00377    0.53656   -0.37621    0.24949   -0.48012   -0.69499    0.23355 
   65200   -3.99889   -0.04708   -0.14010    0.24511   -0.30563   -0.31597    0.97983 
   65300   -4.00209   -0.09960    0.49638   -0.24837    0.56176   -0.40197   -0.10012 
   65400   -3.99973   -0.03000    0.59653   -0.08899    0.01068    0.03888    0.40595 
   65500   -4.00255    0.53466   -0.27837   -0.15866   -0.64381    0.27037   -0.05071 
   65600   -4.00247    0.29262    0.50328    0.18659    0.01124   -0.69640   -0.08291 
   65700   -4.00258    0.52804   -0.38542   -0.11497    0.04730    0.65804    0.03036 
   65800   -4.00158    0.29225   -0.37123   -0.47119   -0.03526    0.02591    0.52385 
   65900   -4.00169    0.03680    0.43178   -0.20022    0.75563   -0.00766   -0.23596 
   66000   -4.00122    0.13155    0.29064    0.14644    1.29840   -0.27097   -0.57854 
   66100   -3.99783    0.04022   -0.35539   -0.18179    0.21896   -0.25462   -0.26574 
   66200   -3.99514   -0.12405    0.39434   -0.38023    0.06591    0.09675    0.21593 
   66300   -4.00172    1.21787    0.99561   -0.12766   -0.09091    0.00489    0.35699 
   66400   -4.00431   -0.27193   -0.23746   -0.84414   -0.35002    0.68590   -0.15871 
   66500   -3.99832    0.01185   -0.55041   -0.18734    0.12396    0.22013   -0.23098 
   66600   -4.00537   -0.33389    0.83720   -0.27920    0.34487   -0.94176   -0.48941 
   66700   -4.00354   -0.66025   -0.22302    1.12212    0.07591    0.47654   -0.21291 
   66800   -4.00490    0.68248   -0.29608   -0.29504    0.62612   -0.86722    0.36186 
   66900   -4.00408   -0.01851    0.52950    0.33702    0.85933    0.19270   -0.76583 
   67000   -4.00453   -0.59483    0.21873    0.66528   -0.64266    0.41023    0.35743 
   67100   -3.99772    0.10460   -0.02475   -0.31117    0.14839   -0.49193   -0.18262 
   67200   -4.00638    0.83330   -0.55001    1.04730    0.75236   -0.36649    0.76476 
   67300   -4.00169   -0.09200   -0.35022   -0.07566   -0.73437    0.14853   -1.33186 
   67400   -3.99299   -0.16398    0.08006    0.05172   -0.48506    0.12083    0.51142 
   67500   -3.97118   -0.28059   -0.16983   -0.25018   -0.01468    0.01190    0.07738 
   67600   -3.99689   -0.35235   -0.03850   -0.06515    0.29701    0.23101   -0.17407 
   67700   -4.00250   -0.19453    0.24877   -0.74238   -0.29124   -0.23039    0.40824 
   67800   -3.99387    0.67587   -1.18219    0.12887   -0.14843   -0.08666   -0.04789 
   67900   -4.00439    0.30197   -0.76923   -0.89256    0.30116   -0.05422   -0.58835 
   68000   -3.98901   -0.09857   -0.01523   -0.14024    0.27319   -0.22305    0.22917 
   68100   -4.00587   -0.39944    1.14958    0.37928    0.82893   -0.02687   -0.59042 
   68200   -3.99798    0.08192   -0.67566   -1.93174    0.01994    0.14833    0.17925 
   68300   -4.00486    0.17373    0.42098    0.57133   -0.23519    1.05828    0.67609 
   68400   -4.00143    0.45893    0.42299    0.04370    0.32692   -0.06195    0.42263 
   68500   -3.99527   -0.15223   -0.00218    0.13753    0.41531   -0.97458   -0.17257 
   68600   -3.99902    0.26806    0.56169   -0.09390   -0.12615   -0.30633    0.13789 
   68700   -3.99701   -0.00401   -0.19650    0.71636    0.01676    0.14492   -0.21956 
   68800   -3.99329   -0.10036   -0.14866   -0.07258   -0.32930   -0.47099    0.43376 
   68900   -3.99935    0.30272    0.42694    0.21240   -0.37364    0.14479   -0.04774 
   69000   -4.00281    0.43625   -0.46832    0.87764   -0.45928   -0.18316   -0.04631 
   69100   -3.99492    0.53535   -0.04720    0.04965    0.10530    0.15738   -0.15515 
   69200   -4.00464   -0.66083   -0.17314   -0.30288   -0.27791   -0.69786   -0.82349 
   69300   -4.00130   -0.22976    0.02733    0.30045    0.93705    0.12519    0.65521 
   69400   -3.99580   -0.12458   -0.11139    0.37807   -0.11080   -0.01895   -0.29338 
   69500   -3.99926    0.19481    0.45106    0.25981   -0.11852    0.33937   -0.18016 
   69600   -4.00527   -0.65388    1.33864   -0.63382   -0.22294   -0.69140    0.00235 
   69700   -3.99009   -0.87925    0.31765   -0.38443   -0.05332   -0.13729    0.00396 
   69800   -3.99593   -0.82706   -0.03606    0.59029    0.04767   -0.18821    0.10095 
   69900   -3.99516    0.17061   -0.14244    0.09152    0.45559    0.36141   -0.11690 
   70000   -4.00359    0.38243   -0.40751    0.02991    0.51822   -1.06002   -0.01955 
   70100   -4.00354   -0.61023    0.14361    0.27690    0.19722   -0.31281    0.75182 
   70200   -4.00330   -0.14168   -0.94357    0.06554   -0.26279   -0.31847   -0.41839 
   70300   -4.00125    0.01539    0.13504    0.41120    0.15907   -0.79874    0.09797 
   70400   -3.98777    0.15878    0.10627    0.07736    0.24067    0.10025   -0.03145 
   70500   -4.00067   -0.45957    0.32092   -0.53187   -0.35231    0.20502   -0.01123 
   70600   -4.00138   -0.43140    0.18982   -0.32683   -0.45634    0.35134    0.03790 
   70700   -4.00359    0.33005    0.80603   -0.03946   -0.61778    0.19293   -0.18171 
   70800   -4.00507    0.30681    0.41768   -0.79410    0.52535   -0.23171    0.79995 
   70900   -4.00395    0.76495    0.38687   -0.70651    0.12930    0.00269    0.61254 
   71000   -4.00309   -0.16533   -0.37901    0.42789   -0.65254   -0.57279    0.09774 
   71100   -4.00471   -0.71800   -0.45822   -0.01390   -0.10282   -0.34655    0.89600 
   71200   -4.00167   -0.14377    0.00320    0.51343   -0.55195    0.17900   -0.33766 
   71300   -3.99855    0.02212   -0.50162   -0.08394    0.08976    0.10741   -0.35958 
   71400   -4.00397   -0.63401    0.08580    0.09653    0.69672    0.05683   -0.79219 
   71500   -4.00255   -0.57178   -0.29954   -0.51034   -0.17217    0.20642    0.48043 
   71600   -4.00309    0.24575   -0.63980    0.07207    0.59631   -0.23159   -0.34784 
   71700   -3.99490    0.17674   -0.23834   -0.06218    0.15852    0.29993    0.16636 
   71800   -3.99804   -0.08618   -0.54362   -0.06948    0.25030    0.04748    0.22435 
   71900   -3.99895    0.08932    0.13438    0.36508   -0.32905    0.38483   -0.14716 
   72000   -4.00577    0.84287    1.36230    1.01240    0.19701   -0.74271   -0.15509 
   72100   -3.99977    0.15746   -0.40769    0.09137   -0.20414   -0.49810    0.04707 
   72200   -4.00387   -0.59351    0.26428    0.16130    0.83459    0.18481    0.45229 
   72300   -4.00249    0.11609   -0.47106   -0.09596    0.81235    0.45107    0.27316 
   72400   -3.99780    0.30648   -0.15571   -0.25373    0.01144   -0.31953    0.24036 
   72500   -3.99686    0.20074    0.24980    0.05252    0.24467    0.08650    0.39421 
   72600   -4.00644    1.07245    0.96719    0.79418   -0.52599   -0.80287   -0.44841 
   72700   -4.00062    1.52798    1.73691   -0.24109    0.01252   -0.01974   -0.29865 
   72800   -4.00436   -0.37555    0.04826    0.70864    0.11863   -0.44605    0.78712 
   72900   -4.00544   -0.61610   -0.68896    0.25922   -0.11687    1.01663    0.47049 
   73000   -4.00203   -0.32200   -0.23557   -0.28970    0.33806    0.26441    0.71250 
   73100   -3.99915    0.67155    0.07069    0.86042   -0.18924    0.04561   -0.21889 
   73200   -3.99925   -0.09446    0.12604   -0.21595   -1.38493   -0.90805   -0.76280 
   73300   -4.00214    0.13549    0.63834   -0.09293    0.35499   -0.03708   -0.48101 
   73400   -4.00492   -0.63838   -0.12259    0.31084    1.05349    0.83948    0.04980 
   73500   -3.99952   -0.26097    0.01541   -0.30969   -0.06168   -0.42853    0.38869 
   73600   -3.99925   -0.16644    0.04006    0.26508    0.55450   -0.63471   -0.29861 
   73700   -3.94404    0.11466    0.00294    0.08443    0.02930    0.00156   -0.04613 
   73800   -4.00068   -0.25118   -0.15762    0.49858    0.01132   -0.35954    0.33990 
   73900   -3.99337    0.00232    0.17726    0.15254   -0.07969   -0.34486    0.26770 
   74000   -3.99422   -0.33102    0.30960    0.47824   -0.03703    0.07289    0.19706 
   74100   -4.00661    0.47789    0.31822   -0.88150   -1.22364   -1.15785    0.81808 
   74200   -4.00582    0.68438    0.27786   -0.93772    0.95468   -0.43245    0.10349 
   74300   -3.98933   -0.11715   -0.08375    0.11346   -0.14271    0.12536   -0.33242 
   74400   -4.00276    0.39116    0.18206    0.29273   -0.18114    0.69027   -0.65574 
   74500   -4.00181    0.13201   -0.36015   -0.27092   -0.77887    0.14573    0.29592 
   74600   -3.99681    0.00710    0.18756   -0.12583   -0.50079   -1.11276   -0.32720 
   74700   -4.00497    0.03491   -0.44395    0.72329   -0.58320    0.57492    0.69088 
   74800   -3.99504   -0.16592    0.27445    0.14111   -0.14776    0.01181   -0.29416 
   74900   -4.00078   -0.28800   -0.12482    0.81450   -0.02953    0.14107   -0.36307 
   75000   -4.00477   -0.73149    0.55437    0.43483   -0.62387   -0.49450    0.24010 
   75100   -4.00526    0.55521    0.75236    0.00569   -0.78380   -0.28730    0.68002 
   75200   -3.99983    0.04094   -0.01233   -0.52956    0.45154    0.07074   -0.01708 
   75300   -4.00589    0.73358    0.94246   -1.22063   -0.25328    0.81188   -0.06249 
   75400   -3.99937   -0.21929   -0.66680    0.13854   -0.00304   -0.14511    0.32021 
   75500   -4.00451    0.05793    0.42839   -0.34027    0.33284    1.87466   -0.95878 
   75600   -4.00255    0.54919   -0.70700   -0.16330   -0.10764   -0.34863   -0.36736 
   75700   -4.00398    0.55058    0.99727   -0.32507   -0.52053   -0.10524   -0.29634 
   75800   -4.00335    0.60355    0.02778   -0.50480   -0.01754    0.21488    0.65116 
   75900   -3.99948    0.01852    0.31999   -0.29179    0.42394    0.21865   -0.22677 
   76000   -4.00414   -0.07337    0.27915   -1.53956    0.53860   -0.11920   -0.09214 
   76100   -3.99180    0.18294    0.15216   -0.03154    0.30398    0.14774   -0.00264 
   76200   -4.00295    0.50242    0.06829   -0.23304   -0.01925    0.91498   -0.09679 
   76300   -3.99667   -0.09255   -0.11157   -0.17204   -0.36895    0.73370   -0.89240 
   76400   -4.00369   -0.17779   -0.37638   -0.32599   -0.35560   -1.11374    0.80445 
   76500   -4.00513   -0.33338   -1.02106   -0.34359    0.07816    0.35269   -0.78153 
   76600   -4.00028   -0.30675   -0.36671    0.36300   -0.30767   -0.17611   -0.27403 
   76700   -4.00392    0.95344    0.83739    0.62037   -0.14087    0.37730    0.38228 
   76800   -4.00519   -0.54123   -0.21358    0.57528   -0.95980   -0.78460   -0.11345 
   76900   -3.99382    0.03679    0.23681    0.00114    0.42328    0.16142    0.06750 
   77000   -4.00114    0.43149    0.57982    0.15866   -0.33514    0.27252    0.13056 
   77100   -4.00410    0.62321    0.45109    0.39785    0.63665   -0.38432   -0.22363 
   77200   -4.00182    0.81480   -0.16630   -0.12209   -0.05536   -0.12733    0.45060 
   77300   -3.99943   -0.26891    0.22684   -0.01690   -0.11608   -0.68624    0.19968 
   77400   -3.99649   -0.05550    0.26832   -0.32970   -0.32351    0.07669   -0.01158 
   77500   -4.00294   -0.19641    0.47419   -0.18351   -0.81397   -0.40128   -0.29706 
   77600   -4.00611   -1.05620    0.26118   -0.44796   -0.69873    0.47711    0.86300 
   77700   -3.98507    0.09859   -0.24275    0.32367   -0.04350    0.04318    0.12276 
   77800   -4.00345    0.32928    0.06676   -0.41409    0.94633   -0.61462    0.48485 
   77900   -3.99640   -0.47672    0.20122   -0.50637   -0.14667    0.05951    0.19420 
   78000   -3.99309   -0.23838   -1.19698   -0.29614    0.01277    0.10044    0.13822 
   78100   -3.99437   -0.27884    0.17081    0.16321    0.17037    0.04086    0.23521 
   78200   -4.00397   -1.37453    0.91905    0.19493    0.30634    0.35328    0.24739 
   78300   -4.00466   -0.04870   -0.30147    1.06829   -0.52767   -0.42764   -0.32396 
   78400   -4.00416   -0.23464   -0.45745   -0.37226    0.80702   -0.28124    0.82227 
   78500   -3.99131    0.68361    0.69845    0.14613    0.14690   -0.02031    0.05660 
   78600   -4.00308   -0.52927   -0.02939   -0.14386   -0.31148   -0.31597    0.88539 
   78700   -4.00159   -0.16347    0.31569   -0.06347   -0.16437    1.57664   -0.11744 
   78800   -4.00268   -0.11244   -0.24172   -0.58738   -0.24248    0.41435   -0.50724 
   78900   -4.00308   -0.08661   -0.58369    0.10495    0.64796    0.43855    0.35987 
   79000   -4.00275   -0.51861    1.12505   -0.04165   -0.14654    0.33462   -0.28841 
   79100   -4.00281   -0.38629    0.79048   -0.82369   -0.01184    0.37939   -0.28612 
   79200   -3.98758    0.26648   -0.11346   -0.34205   -0.06009   -0.04384   -0.13459 
   79300   -4.00473   -0.71333    0.61150   -0.44872   -0.45261    0.66723    0.00488 
   79400   -3.99677   -0.30772   -0.03322    0.23434   -0.32370    0.17854    0.06998 
   79500   -3.99387    0.30857   -0.06661    0.32553   -0.03534    0.18517   -0.15163 
   79600   -4.00638    0.30716    0.60286    0.87937    0.55662   -1.28128   -0.50242 
   79700   -4.00496   -0.26909    0.54859   -0.32256   -0.59581    1.33391   -0.32594 
   79800   -3.98818   -0.29302   -0.07586   -0.35457   -0.11423   -0.06081    0.08931 
   79900   -4.00234    0.12763    0.45936    0.22907    0.29901    0.73308    0.21314 
   80000   -4.00595    0.74954   -0.29557    0.24744    1.10053   -0.79807    1.19751 
   80100   -3.99983   -0.41658    0.39639   -0.08687   -0.25729    0.13250    0.31293 
   80200   -4.00529    0.59030    0.21793   -0.77103    0.36278   -0.94079    0.13244 
   80300   -3.99780    0.15122   -0.25028    0.20755   -0.02059    0.33885    0.34925 
   80400   -3.99357    0.01054    0.60924   -0.50045   -0.06133    0.17337    0.05823 
   80500   -4.00318    0.38274    0.46064   -0.19729   -0.50860   -0.47468   -0.45267 
   80600   -4.00493    0.87026    0.83569   -0.41585   -0.51684    0.15816    0.51251 
   80700   -4.00247   -0.13004   -0.69175   -0.18846    0.22742    0.00459    0.54612 
   80800   -4.00247   -0.01247   -0.18843   -0.43927   -0.96908   -0.33990   -0.07509 
   80900   -4.00133    0.37003    0.28449   -0.23193    0.47022   -0.27351   -0.32615 
   81000   -3.97717   -0.69215   -0.67772    0.35363   -0.03368    0.07671   -0.01591 
   81100   -4.00311   -0.37629   -0.12095   -0.42827   -0.20712   -0.88350    0.02911 
   81200   -4.00403    0.44165   -0.69462    0.32455   -0.02641    0.51252    0.54317 
   81300   -4.00283    0.05822    1.26262   -0.77055    0.05913    0.37091    0.23809 
   81400   -3.99897    0.18798    0.10174   -0.29821   -0.35451   -0.45753   -0.15665 
   81500   -3.99916   -0.20061    0.12526   -0.17118   -0.90106   -0.65190    0.00306 
   81600   -3.99715    0.39928   -0.46557   -0.41892    0.10654    0.21386   -0.11982 
   81700   -4.00446    0.65086    1.87805   -0.42619    0.39200    0.38748   -0.02357 
   81800   -4.00076   -0.01423   -0.32181    0.27886    0.49005    0.19196    0.50836 
   81900   -3.99856    0.44555    0.40175    0.52611   -0.06982   -0.17179   -0.23987 
   82000   -3.98610    0.06306   -0.41561   -0.46348    0.03264   -0.12567   -0.00416 
   82100   -4.00363    0.10156    0.67269    0.16375    0.78962   -0.24690   -0.14397 
   82200   -4.00248    0.11923    0.47480    0.53613    0.18672   -0.50975    0.24328 
   82300   -4.00262    0.90393   -0.64497   -0.36056    0.14963   -0.06314    0.43629 
   82400   -4.00165   -0.36183   -0.78281   -0.53056   -0.03097   -0.41474   -0.05056 
   82500   -4.00066    0.14655    0.33431   -0.11190   -0.61164   -0.56692   -0.28842 
   82600   -4.00157   -0.11711   -0.37312    0.40255   -0.10156    0.60015    0.09126 
   82700   -3.99984    0.12067    0.00021    0.29088    0.41699   -0.89134   -0.54644 
   82800   -3.99260   -0.16476    0.03606    0.00912    0.83519   -0.14046    0.72182 
   82900   -4.00259   -0.62699   -0.42266   -0.33403    0.37977    0.36931    0.16068 
   83000   -4.00343   -0.46806    0.50636    0.09230   -0.38130    0.61450    0.32961 
   83100   -4.00608   -0.65004   -0.39611    0.59024    0.55670   -0.93102   -1.08986 
   83200   -4.00322   -0.11539   -0.87885   -1.04791    0.10872    0.46300    0.11034 
   83300   -4.00061    0.42712   -0.41879   -0.18944    0.12940    0.41099   -0.15877 
   83400   -4.00327    0.56179    0.55770    0.01982    0.25483   -0.42707    0.44766 
   83500   -4.00078    0.40949    0.02876   -0.39031   -0.14428   -0.31628    0.38096 
   83600   -4.00037   -0.13729    0.24098   -0.18641    0.05567   -1.12684    0.23026 
   83700   -3.99864    0.28785   -0.23883    0.35547   -0.02095   -0.38487   -0.03415 
   83800   -3.99390   -0.16469   -0.21715    0.05384    0.20820   -0.28940    0.08666 
   83900   -3.99681   -0.29851    0.23016    0.43585    0.09575   -0.20762   -0.17381 
   84000   -4.00251   -0.14151   -0.07439   -0.39119    0.17083    0.25430   -1.43785 
   84100   -4.00319   -0.12167    0.11785    0.80379   -0.01160   -0.62727    0.10453 
   84200   -4.00256   -0.28226    0.39715   -0.00885   -0.23150    0.86478   -0.49706 
   84300   -4.00323   -0.26400    0.35143    0.28572   -0.30191   -0.97185   -0.54715 
   84400   -3.99825    0.18653    0.18458    0.00101   -1.07234   -0.44477   -0.10314 
   84500   -4.00361   -0.51152    0.44637   -0.22031    0.38249   -0.01699    0.72031 
   84600   -3.99915   -0.10626   -0.17914   -0.20305    0.01448    0.90019   -0.67236 
   84700   -4.00538    0.17888    0.26440   -1.03269   -0.83338   -0.29866    0.40400 
   84800   -4.00316   -0.73355    0.61730   -0.26331   -0.12976   -0.47265    0.26689 
   84900   -3.98332   -0.00123    0.10588    0.01766   -0.37497   -0.88775    0.01841 
   85000   -4.00166   -0.45634   -0.14522    0.02697   -0.03851    0.76062    0.15899 
   85100   -3.99911    0.06227   -0.36235    0.09529    0.22691    0.07469    0.53374 
   85200   -3.97923   -0.05767    0.07068   -0.02906    0.65567    0.18908   -0.00383 
   85300   -4.00682    0.35189    0.31573   -1.11839    0.15502    1.34721   -1.06378 
   85400   -4.00347    0.29356    0.81155    0.14305    0.18331    0.11231    0.61306 
   85500   -4.00228   -0.07760    0.47570   -0.00020   -0.41710   -0.78840   -0.31025 
   85600   -4.00227   -0.14098    0.08043    0.74950    0.12813    0.38229   -0.36719 
   85700   -4.00305   -0.19549    0.34270    0.25091   -1.04681    0.93314    0.22513 
   85800   -4.00373   -0.61164   -0.00831   -0.80826    0.49780   -0.13571   -0.35695 
   85900   -3.99699   -0.15832    0.01754   -0.18686    0.48290   -0.37172    0.70017 
   86000   -4.00489   -0.80859   -0.58792    0.17923    0.48248    0.70968   -0.10150 
   86100   -3.99675    0.88786    0.45650   -0.55261   -0.13494   -0.07705   -0.16830 
   86200   -3.98308   -0.02711   -0.01021    0.12501    0.04939    0.34626   -0.14058 
   86300   -4.00131    0.19964    0.48040   -0.27663   -0.11469    0.53656    0.07391 
   86400   -3.99403   -0.25687    0.03673    0.34092   -0.00958    0.06750   -0.24446 
   86500   -4.00557    0.05777   -0.84871    0.22287   -1.02818    0.74347    0.44064 
   86600   -3.98765   -0.08411   -0.09032   -0.01477   -0.77000    1.01991    0.81268 
   86700   -4.00087   -0.35280   -0.63589    0.01909    0.13561    0.00888    0.41369 
   86800   -4.00210    0.52005   -0.27172    0.92551    0.42017   -0.11770    0.01054 
   86900   -4.00037   -0.36048   -1.84064    0.30146    0.14467   -0.17498    0.19561 
   87000   -3.97370    0.02128    0.03755    0.06407    0.09855    0.45941    0.80310 
   87100   -3.98246    0.50195   -0.65927    0.13808   -0.01747    0.08466    0.06020 
   87200   -3.99877    0.06961    0.26260    0.01597    1.20592   -0.28308   -0.20223 
   87300   -4.00463   -0.47088    0.17165    0.84756    0.42838    0.61924   -0.31713 
   87400   -3.98827    0.29377   -0.88998    0.00919   -0.00005   -0.13046    0.03503 
   87500   -4.00280   -0.38706    0.15383    0.21768   -0.08625   -0.53147    1.11272 
   87600   -3.99550    0.56352    0.07538    0.75703    0.03144    0.15371   -0.14649 
   87700   -4.00473   -0.15560   -0.96847    0.05218    0.03365    0.69419    0.47970 
   87800   -4.00412    0.14833    0.01229   -0.75267    0.28038    0.48932    0.68290 
   87900   -4.00348   -0.25111    0.39829    0.33070    0.48811    0.42335    0.84461 
   88000   -4.00508    0.10979   -0.41459   -0.61834   -0.81024   -0.72977   -0.80075 
   88100   -4.00567    0.07005    0.13774    0.77840    0.52315   -0.72401   -1.45830 
   88200   -4.00451    0.06559    0.41238   -1.06851    0.67025    0.04925    0.22054 
   88300   -3.99747   -0.16500    0.50246    0.16162   -0.21177   -0.16964   -0.16339 
   88400   -3.98175   -0.07538    0.02892   -0.09086    0.00375   -0.17030    0.32508 
   88500   -3.99618   -0.12801    0.18952    0.19838    0.06170   -0.37852   -0.26135 
   88600   -3.93623    0.36422    0.04780   -0.06883    0.02621    0.02652   -0.01158 
   88700   -3.99186    0.16856   -0.06528   -0.11353    0.08566    0.33631   -0.22502 
   88800   -4.00391    0.24319   -0.49606   -0.39394   -0.10262    0.00458    0.95537 
   88900   -4.00426    0.18597   -0.59490   -0.43394    0.57826    0.42505    0.60524 
   89000   -4.00002    0.12383    0.13246   -0.26043   -0.92699    0.68713   -0.26001 
   89100   -4.00437    0.51715    0.18434   -0.03631   -0.85195    1.41032   -0.97888 
   89200   -4.00138   -0.26502   -0.37121   -0.18003   -0.59935    0.33436   -0.11690 
   89300   -4.00131    0.24979    0.15167   -0.86555   -0.02019    0.06436    0.40982 
   89400   -4.00475    0.35020   -0.32287   -0.60233    0.26888   -0.63178   -0.88643 
   89500   -4.00322    0.46742   -0.27282    0.37358    0.56477    0.16777   -0.53655 
   89600   -4.00524   -0.76254    0.01869   -0.45581    0.98949   -0.53321    0.16857 
   89700   -4.00236    0.31303    0.15711    0.41270    0.11281    0.14537    0.77410 
   89800   -4.00187   -0.23368   -0.36355    0.29510    0.67416   -0.14915   -0.21756 
   89900   -3.99866    0.04994   -0.10849    0.28287   -0.70304   -0.06776    0.36709 
   90000   -3.99481   -0.41898   -0.47219   -0.55463    0.08113   -0.00477    0.19231 
   90100   -4.00186    0.41237   -0.06726   -0.05275    0.88682    0.54178    0.31819 
   90200   -3.98814   -0.15954   -0.07426    0.11123    0.18865   -0.00206    0.19194 
   90300   -3.99693    0.53423   -0.17949   -0.56080   -0.24864    0.03016    0.04987 
   90400   -4.00243   -0.60077   -0.45365    0.38087   -0.06715   -0.51584    0.09272 
   90500   -4.00261   -1.44070    0.17669    0.31882   -0.19315   -0.31409   -0.21701 
   90600   -3.99906    0.40318   -0.06107   -0.10165    0.24694   -0.06361   -0.43583 
   90700   -4.00127    0.07213   -0.51931    0.11580   -0.08993    0.00488   -0.59664 
   90800   -4.00268   -0.17949    0.46695    0.18554    0.41461   -0.55603    0.57763 
   90900   -3.99719    0.04154    0.27459   -0.10962   -0.41337   -0.01597    0.40644 
   91000   -3.99988    0.51931    0.31193    0.35269   -0.11787   -0.14477    0.33248 
   91100   -4.00444   -0.52996    0.29007    0.88307   -0.31751   -0.26084    0.59839 
   91200   -4.00418    0.22629   -0.73488    0.48983    0.21028    0.46781    0.56363 
   91300   -4.00654    0.18825   -0.91711   -0.48476    0.48964    1.02592    1.36889 
   91400   -3.99739   -0.23396    0.20771    0.27941    0.25449   -0.24814   -0.14226 
   91500   -4.00332   -0.22267    0.31094   -0.43192    0.29139   -0.84827   -0.42771 
   91600   -3.99903   -0.67130    0.22977    0.07468   -0.13464    0.26417   -0.15969 
   91700   -4.00462    0.27759    0.31199    0.89972    0.12835   -0.79786    0.04003 
   91800   -4.00187    0.06464   -0.43804   -0.14306    0.65788   -0.52224    0.24390 
   91900   -3.98983   -0.05205   -0.13244   -0.04718    0.04526    0.73096    0.38811 
   92000   -4.00457    0.52462    0.32761    0.48589    0.05452   -0.35064    0.94324 
   92100   -3.99086    0.06606    0.07557    0.12852   -0.05131    0.73659   -0.04562 
   92200   -3.99210   -0.10565   -0.17471    0.13000    0.10887    0.26668    0.19419 
   92300   -3.98628    0.09402   -0.00536   -0.09786    0.14432    0.36462    0.36626 
   92400   -3.99827    0.38129    0.17352   -0.23330    0.18591    0.32823    0.09286 
   92500   -4.00484    0.12734    0.03705    0.68158    0.32755   -1.29063   -0.38975 
   92600   -4.00282   -0.46538   -0.19139    0.74985   -0.04320   -0.01457   -0.54695 
   92700   -4.00010   -0.98028    0.04731    0.68653   -0.17567   -0.26001    0.05962 
   92800   -3.99509    0.23552   -0.50487    0.28388   -0.21907   -0.02003    0.07992 
   92900   -4.00558    0.35270   -1.07813    0.73095   -0.52858    0.04331    0.70357 
   93000   -3.95456   -1.05339   -0.94038    0.12867   -0.04495   -0.01782    0.00425 
   93100   -3.97339    0.07584   -0.02627   -0.02777    0.09786   -0.34211    0.22883 
   93200   -3.98862   -0.31482    0.38726    0.27068   -0.12061   -0.01361   -0.09165 
   93300   -4.00201   -1.10622   -2.00704    0.21071   -0.06093    0.34411   -0.07203 
   93400   -3.97682    0.02889   -0.06788   -0.04423   -0.56946    0.04344   -0.60394 
   93500   -4.00733   -1.07331    0.11845    1.21118   -0.45216   -1.18395    1.09761 
   93600   -3.98861    0.16265    0.04077   -0.00158   -0.09327   -0.26966   -0.30902 
   93700   -3.99579   -0.56276    0.45449   -0.46533   -0.09495   -0.00223   -0.20394 
   93800   -3.99203    0.20415   -0.06346    0.06161   -0.02033    0.37267   -0.12425 
   93900   -3.99362   -0.44254   -0.22622   -0.45836   -0.10684    0.06526    0.15833 
   94000   -4.00116   -0.00812   -0.38903   -0.52915    0.42057   -0.07372    0.24208 
   94100   -4.00587    0.33842   -0.24481   -1.03027   -0.47552   -0.46007    0.94258 
   94200   -4.00321   -0.29817   -0.51505    0.04733    0.12862   -0.35003    0.82514 
   94300   -4.00422   -0.34345    0.84838   -0.12389   -0.65975   -0.30045    0.23384 
   94400   -4.00191    0.09387    0.79141    0.37155   -0.07593   -0.44569    0.11956 
   94500   -4.00165   -0.11038   -0.15946    0.38202    0.94533   -0.16058   -0.05146 
   94600   -4.00283   -0.10610    0.28262   -0.32474   -1.47310   -0.07682    0.24447 
   94700   -4.00053    0.41075   -0.55238   -0.09185   -0.02272   -0.38453    0.17683 
   94800   -4.00181   -0.40009   -0.07994   -0.12272    0.97641    0.34156   -0.01212 
   94900   -3.99977    1.02767    0.73498    0.23685    0.16685    0.18484   -0.17093 
   95000   -3.99988    0.35315   -0.37730   -0.30989    0.17958    0.37296   -0.06398 
   95100   -4.00340    0.97491   -0.14719   -0.32652    0.06283    0.12337    0.55630 
   95200   -4.00534   -0.59256    0.04665   -0.41665    1.24528    0.35491    1.09516 
   95300   -4.00224   -0.12044    0.23098   -0.48369   -0.38447   -0.16454    0.62636 
   95400   -4.00005   -0.09612    0.63609    0.07347    0.02170    0.35808    0.19831 
   95500   -4.00354    0.26020    0.67869   -0.18508   -0.22787   -0.66997    0.27120 
   95600   -4.00307    0.74019    0.20062    0.54124    0.54729   -0.11705    0.07880 
   95700   -4.00470   -0.03653   -0.35967   -0.55153    0.86397   -0.27749   -1.11580 
   95800   -3.99883    0.25796   -0.22115   -0.07248    0.04269   -0.61123    0.17653 
   95900   -4.00050    0.79475   -0.69022    0.61401   -0.31273    0.09093    0.07484 
   96000   -4.00410   -0.41237   -0.29772   -0.67952    0.47689   -0.62991    0.03704 
   96100   -4.00017    0.13147    0.22994    0.10532    2.30969    0.22054   -0.16938 
   96200   -3.99736   -0.25372    0.17294    0.12893   -0.41484   -0.07141    0.26725 
   96300   -4.00167    0.47306    0.20439   -0.20209   -0.16666    0.06811   -0.61528 
   96400   -4.00248   -0.32336    0.06076   -0.27040    0.16764    1.29760   -0.51296 
   96500   -4.00442    0.42063   -0.11662   -0.61001    0.01874   -0.02895   -1.01515 
   96600   -4.00489   -0.53715   -0.53640    0.08978   -1.04811   -0.21356   -0.54932 
   96700   -4.00506    0.21370   -0.45628   -1.12549   -0.40530    0.35755    0.57761 
   96800   -4.00193    0.31871    0.08593   -0.50206   -0.43475    0.27476    0.35332 
   96900   -3.99719    0.14371    0.21093    0.12252    0.52019    0.36239    0.13859 
   97000   -4.00115   -0.09776    0.35244    0.46633    0.10146    0.39700   -0.34071 
   97100   -4.00431    0.18562   -0.46478   -0.81422    0.43103   -0.52002    0.34743 
   97200   -4.00159   -0.40719    0.00438   -0.25941    0.67227   -0.15359    0.30342 
   97300   -3.99317    0.11663   -0.12557    0.05828    0.07533    0.77973    0.49386 
   97400   -4.00008   -1.80053    0.99919    0.42077   -0.00746    0.26723    0.10151 
   97500   -4.00200   -0.16294    0.47945   -0.33003    0.32841    0.17258   -0.50998 
   97600   -3.99638    0.28248    0.59807    0.58148    0.00116   -0.10798    0.20944 
   97700   -4.00110   -0.18052    0.16777   -0.28731    0.73021    0.47164   -0.60793 
   97800   -4.00056   -0.64168    0.45624   -0.03821   -0.32256   -0.12623   -0.19302 
   97900   -4.00571   -0.01085    0.41016    0.92780   -0.67072    0.97856    0.08616 
   98000   -3.99947   -0.02556    0.10714   -0.33883   -0.14151    0.51746    0.47205 
   98100   -4.00413    0.18436    0.46107    0.40865   -0.69770    0.63189   -0.64764 
   98200   -3.96668    0.00943    0.03419    0.05324    0.00028    0.65322    0.68048 
   98300   -4.00462   -0.42759   -0.03649   -1.02157   -0.23083   -0.65848    0.26266 
   98400   -4.00338    0.04726    0.34466   -0.38381    0.32011    1.23172   -0.06923 
   98500   -4.00370    0.44071   -0.23619   -0.07229   -1.24801   -0.51643    0.91584 
   98600   -4.00485    0.54616   -0.01516    0.46303    0.57285   -0.83137   -0.84352 
   98700   -4.00042    0.60854    0.62188    0.34257    0.35386    0.01738    0.06722 
   98800   -4.00543    0.11623    0.56779    1.68316   -0.06137    0.71152   -0.14480 
   98900   -3.99504    0.32352    0.16822   -0.31371   -0.01235   -0.21038   -0.15614 
   99000   -4.00561    0.51315   -0.49494    0.74922    0.42391   -0.82605   -0.60843 
   99100   -4.00047    0.16792    0.24658    0.13753    0.95557    0.73698   -0.43848 
   99200   -4.00518   -0.07536    0.13624   -0.59881   -0.23353    1.58515   -1.82024 
   99300   -4.00249    0.48274   -0.25860    0.30302    0.33382    0.56436   -0.20454 
   99400   -4.00114   -0.41103   -0.36618    0.60066   -0.17318   -0.25075   -0.29895 
   99500   -4.00592   -0.97681   -0.06409    0.32388    0.75598   -0.97945   -0.35368 
   99600   -4.00553   -0.60036    0.73057   -0.52969   -0.28664    0.06801   -0.98352 
   99700   -4.00291   -0.89338   -0.42703   -0.80971    0.19274   -0.01777   -0.43217 
   99800   -4.00013   -0.27695    0.11860   -0.06410    1.09320   -0.05570   -0.89724 
   99900   -3.99890    0.35764    0.24757    0.16484   -0.25915    0.32245    0.14978 
