        0.0000183203       -0.0000035550
        0.0000357919       -0.0000584981
       -0.0000508283       -0.0002244165
       -0.0005680085       -0.0004176819
       -0.0019725583        0.0000437598
       -0.0041025786        0.0029326009
       -0.0046881235        0.0107984044
        0.0018352135        0.0250315080
        0.0233515100        0.0429334127
        0.0661695459        0.0563592214
        0.1302453353        0.0544807864
        0.2072541124        0.0301939350
        0.2834348973       -0.0139058806
        0.3451789233       -0.0645592843
        0.3832467320       -0.1031632556
        0.3933678186       -0.1144727287
        0.3746479662       -0.0939110199
        0.3288264725       -0.0497659875
        0.2615377938        0.0007881628
        0.1835632772        0.0399029207
        0.1091372158        0.0572214077
        0.0509283335        0.0534525020
        0.0148623315        0.0375665772
       -0.0013231027        0.0201471075
       -0.0049398389        0.0077801981
       -0.0034642537        0.0016612553
       -0.0014420857       -0.0002454886
       -0.0003387023       -0.0003795398
        0.0000004522       -0.0001615631
        0.0000333572       -0.0000329185
        0.0000123874        0.0000008464
        0.0000016904        0.0000024838
       -0.0000002368        0.0000006199
       -0.0000001319        0.0000000250
       -0.0000000153       -0.0000000195
        0.0000000017       -0.0000000035
        0.0000000008       -0.0000000002
       -0.0000000001        0.0000000003
        0.0000000001       -0.0000000002
       -0.0000000001        0.0000000002
        0.0000000001       -0.0000000002
       -0.0000000001        0.0000000002
        0.0000000001       -0.0000000002
       -0.0000000001        0.0000000002
        0.0000000001       -0.0000000002
       -0.0000000001        0.0000000002
        0.0000000001       -0.0000000002
       -0.0000000001        0.0000000002
        0.0000000001       -0.0000000003
       -0.0000000001        0.0000000004
        0.0000000001       -0.0000000003
       -0.0000000001        0.0000000002
        0.0000000001       -0.0000000002
       -0.0000000001        0.0000000002
        0.0000000001       -0.0000000002
       -0.0000000001        0.0000000002
        0.0000000001       -0.0000000002
       -0.0000000001        0.0000000002
        0.0000000001       -0.0000000002
       -0.0000000001        0.0000000002
        0.0000000001       -0.0000000002
       -0.0000000001        0.0000000003
        0.0000000001       -0.0000000003
       -0.0000000001        0.0000000003
        0.0000000001       -0.0000000004
       -0.0000000001        0.0000000005
        0.0000000001       -0.0000000004
       -0.0000000001        0.0000000004
        0.0000000001       -0.0000000004
       -0.0000000001        0.0000000004
        0.0000000002       -0.0000000004
       -0.0000000002        0.0000000004
        0.0000000002       -0.0000000005
       -0.0000000002        0.0000000005
        0.0000000003       -0.0000000005
       -0.0000000003        0.0000000006
        0.0000000004       -0.0000000007
       -0.0000000005        0.0000000008
        0.0000000006       -0.0000000009
       -0.0000000008        0.0000000010
        0.0000000011       -0.0000000012
       -0.0000000015        0.0000000014
        0.0000000022       -0.0000000015
       -0.0000000031        0.0000000013
        0.0000000044       -0.0000000007
       -0.0000000057       -0.0000000011
        0.0000000059        0.0000000043
       -0.0000000034       -0.0000000081
       -0.0000000027        0.0000000093
        0.0000000087       -0.0000000039
       -0.0000000059       -0.0000000057
       -0.0000000056        0.0000000053
        0.0000000055        0.0000000077
        0.0000000089       -0.0000000047
        0.0000000010       -0.0000000090
       -0.0000000060       -0.0000000144
       -0.0000000453       -0.0000000219
       -0.0000002008        0.0000001077
       -0.0000000819        0.0000010588
        0.0000035571        0.0000029813
