    -15.5508836     -0.0000000      0.0000000     -0.0000000     -0.0000000      0.0000000      0.0000000      0.0000000     -0.0000001      0.0000001     -0.0000000     -0.0000002     -0.0000002      0.0000001     -0.0000007      0.0000010     -0.0000008      0.0000021      0.0000002     -0.0000025     -0.0000024
    -15.2367244     -0.0000000      0.0000000     -0.0000000     -0.0000000     -0.0000000      0.0000000      0.0000001     -0.0000001      0.0000003      0.0000001     -0.0000002     -0.0000006      0.0000007     -0.0000010      0.0000023     -0.0000004      0.0000033      0.0000022     -0.0000018     -0.0000061
    -14.9225651     -0.0000000      0.0000000     -0.0000000     -0.0000000     -0.0000000      0.0000001      0.0000002     -0.0000000      0.0000003      0.0000004      0.0000003     -0.0000011      0.0000021     -0.0000010      0.0000040      0.0000014      0.0000033      0.0000064      0.0000025     -0.0000111
    -14.6084058     -0.0000000     -0.0000000     -0.0000000     -0.0000000     -0.0000001      0.0000001      0.0000004      0.0000001      0.0000002      0.0000009      0.0000014     -0.0000016      0.0000041      0.0000001      0.0000050      0.0000057     -0.0000005      0.0000128      0.0000137     -0.0000149
    -14.2942466     -0.0000000     -0.0000000      0.0000000     -0.0000001     -0.0000002      0.0000000      0.0000005      0.0000005     -0.0000005      0.0000016      0.0000035     -0.0000013      0.0000064      0.0000038      0.0000028      0.0000132     -0.0000121      0.0000193      0.0000341     -0.0000105
    -13.9800873     -0.0000000     -0.0000000      0.0000001     -0.0000001     -0.0000004     -0.0000001      0.0000003      0.0000012     -0.0000021      0.0000022      0.0000066      0.0000010      0.0000067      0.0000114     -0.0000073      0.0000228     -0.0000355      0.0000185      0.0000606      0.0000149
    -13.6659280      0.0000000     -0.0000000      0.0000002     -0.0000001     -0.0000006     -0.0000005     -0.0000006      0.0000022     -0.0000053      0.0000016      0.0000094      0.0000073      0.0000001      0.0000233     -0.0000313      0.0000279     -0.0000695     -0.0000042      0.0000760      0.0000766
    -13.3517688      0.0000000     -0.0000001      0.0000004      0.0000001     -0.0000004     -0.0000013     -0.0000028      0.0000029     -0.0000095     -0.0000021      0.0000079      0.0000194     -0.0000206      0.0000352     -0.0000714      0.0000133     -0.0000980     -0.0000691      0.0000402      0.0001802
    -13.0376095      0.0000001     -0.0000001      0.0000006      0.0000004      0.0000005     -0.0000025     -0.0000068      0.0000021     -0.0000126     -0.0000115     -0.0000055      0.0000361     -0.0000620      0.0000335     -0.0001161     -0.0000454     -0.0000779     -0.0001889     -0.0001086      0.0002930
    -12.7234502      0.0000003     -0.0000000      0.0000006      0.0000012      0.0000029     -0.0000034     -0.0000121     -0.0000029     -0.0000086     -0.0000285     -0.0000405      0.0000483     -0.0001204     -0.0000077     -0.0001246     -0.0001711      0.0000642     -0.0003381     -0.0004227      0.0003069
    -12.4092910      0.0000004      0.0000002     -0.0000002      0.0000023      0.0000074     -0.0000026     -0.0000156     -0.0000151      0.0000130     -0.0000497     -0.0001025      0.0000331     -0.0001645     -0.0001212     -0.0000170     -0.0003550      0.0004027     -0.0004075     -0.0008620      0.0000226
    -12.0951317      0.0000005      0.0000007     -0.0000023      0.0000034      0.0000134      0.0000026     -0.0000094     -0.0000362      0.0000638     -0.0000601     -0.0001760     -0.0000468     -0.0001180     -0.0003211      0.0003067     -0.0005035      0.0009254     -0.0001738     -0.0011674     -0.0007811
    -11.7809725      0.0000002      0.0000015     -0.0000063      0.0000030      0.0000174      0.0000159      0.0000191     -0.0000608      0.0001455     -0.0000270     -0.0002021     -0.0002276      0.0001371     -0.0005493      0.0008836     -0.0003896      0.0013854      0.0006421     -0.0007752     -0.0021183
    -11.4668132     -0.0000010      0.0000023     -0.0000121     -0.0000012      0.0000109      0.0000387      0.0000827     -0.0000690      0.0002278      0.0000965     -0.0000647     -0.0004989      0.0006977     -0.0006076      0.0015277      0.0003205      0.0011768      0.0021390      0.0010348     -0.0034149
    -11.1526539     -0.0000036      0.0000026     -0.0000165     -0.0000126     -0.0000198      0.0000651      0.0001790     -0.0000203      0.0002218      0.0003432      0.0003799     -0.0007281      0.0014858     -0.0001390      0.0016553      0.0018570     -0.0005569      0.0038043      0.0045321     -0.0032111
    -10.8384947     -0.0000076      0.0000005     -0.0000122     -0.0000330     -0.0000874      0.0000730      0.0002639      0.0001380     -0.0000235      0.0006667      0.0011818     -0.0005957      0.0020319      0.0012276      0.0003038      0.0038941     -0.0043097      0.0041150      0.0084832      0.0005026
    -10.5243354     -0.0000113     -0.0000062      0.0000130     -0.0000576     -0.0001876      0.0000196      0.0002258      0.0004311     -0.0006565      0.0008519      0.0020742      0.0003543      0.0013691      0.0034602     -0.0033420      0.0050262     -0.0090455      0.0007613      0.0093334      0.0087060
    -10.2101761     -0.0000104     -0.0000191      0.0000710     -0.0000677     -0.0002714     -0.0001478     -0.0001065      0.0007786     -0.0016446      0.0004733      0.0022532      0.0024081     -0.0016302      0.0055066     -0.0087484      0.0027503     -0.0111285     -0.0077756      0.0021082      0.0186717
     -9.8960169      0.0000029     -0.0000361      0.0001591     -0.0000262     -0.0002212     -0.0004489     -0.0008692      0.0009026     -0.0025071     -0.0009628      0.0004535      0.0050708     -0.0071743      0.0049515     -0.0126554     -0.0052005     -0.0049479     -0.0192795     -0.0155527      0.0221561
     -9.5818576      0.0000373     -0.0000468      0.0002365      0.0001130      0.0001339     -0.0007894     -0.0019462      0.0003169     -0.0021508     -0.0035535     -0.0042870      0.0064372     -0.0129479     -0.0011596     -0.0090846     -0.0178394      0.0130579     -0.0254028     -0.0371932      0.0082003
     -9.2676983      0.0000936     -0.0000285      0.0002039      0.0003686      0.0009124     -0.0008764     -0.0026945     -0.0014506      0.0008119     -0.0062739     -0.0110596      0.0033319     -0.0132866     -0.0136136      0.0072248     -0.0277571      0.0375685     -0.0138486     -0.0447132     -0.0269621
     -8.9535391      0.0001502      0.0000493     -0.0000839      0.0006639      0.0019597     -0.0002283     -0.0018624     -0.0042939      0.0068983     -0.0065024     -0.0155214     -0.0067864     -0.0013604     -0.0272420      0.0337218     -0.0218218      0.0502418      0.0216559     -0.0172034     -0.0673905
     -8.6393798      0.0001491      0.0002042     -0.0007292      0.0007556      0.0025953      0.0015735      0.0018872     -0.0067924      0.0139409     -0.0007846     -0.0103665     -0.0220516      0.0243218     -0.0295360      0.0539409      0.0100439      0.0273420      0.0673340      0.0467232     -0.0765885
     -8.3252205     -0.0000011      0.0003996     -0.0016086      0.0002433      0.0015910      0.0043186      0.0085823     -0.0059590      0.0159896      0.0123327      0.0099582     -0.0328507      0.0519843     -0.0066558      0.0418460      0.0597309     -0.0373831      0.0857472      0.1092528     -0.0226757
     -8.0110613     -0.0003760      0.0004984     -0.0021662     -0.0012227     -0.0022385      0.0065007      0.0151492      0.0014996      0.0053212      0.0281406      0.0408501     -0.0238158      0.0559601      0.0419639     -0.0170487      0.0924899     -0.1094264      0.0390845      0.1070464      0.0790334
     -7.6969020     -0.0009286      0.0002574     -0.0013982     -0.0034807     -0.0086579      0.0052220      0.0149089      0.0158831     -0.0209246      0.0338322      0.0618109      0.0148617      0.0126495      0.0898369     -0.0982867      0.0638993     -0.1219532     -0.0657945      0.0104878      0.1506268
     -7.3827427     -0.0013563     -0.0005634      0.0016689     -0.0053205     -0.0144257     -0.0024099      0.0006903      0.0305743     -0.0521865      0.0139986      0.0438990      0.0707171     -0.0703352      0.0897085     -0.1360352     -0.0355161     -0.0335973     -0.1539064     -0.1184156      0.1094952
     -7.0685835     -0.0010650     -0.0019362      0.0068751     -0.0044071     -0.0131585     -0.0160998     -0.0277879      0.0315856     -0.0626260     -0.0347830     -0.0251263      0.1028268     -0.1377348      0.0114366     -0.0718722     -0.1443180      0.1053659     -0.1321680     -0.1567802     -0.0292117
     -6.7544242      0.0005914     -0.0032268      0.0116644      0.0016145      0.0013530     -0.0289952     -0.0563884      0.0052143     -0.0255940     -0.0889116     -0.1131436      0.0646978     -0.1166392     -0.1107745      0.0707607     -0.1603469      0.1685624      0.0039902     -0.0555556     -0.1306357
     -6.4402649      0.0036874     -0.0030782      0.0109535      0.0126156      0.0282413     -0.0279714     -0.0580094     -0.0467085      0.0574974     -0.1008839     -0.1473991     -0.0471409      0.0093967     -0.1782372      0.1728779     -0.0438180      0.0832798      0.1277667      0.0686083     -0.0835473
     -6.1261057      0.0069335      0.0000555     -0.0003224      0.0233054      0.0533185     -0.0013517     -0.0104545     -0.0949548      0.1371693     -0.0334631     -0.0708717     -0.1613855      0.1511100     -0.1100611      0.1274664      0.1070505     -0.0552612      0.1060448      0.0577427      0.0328743
     -5.8119464      0.0074083      0.0065115     -0.0218485      0.0233090      0.0516505      0.0473058      0.0756191     -0.0922119      0.1376917      0.0921979      0.0838819     -0.1718231      0.1744327      0.0521423     -0.0193420      0.1361370     -0.0742725     -0.0158988     -0.0511543      0.0305500
     -5.4977871      0.0017564      0.0137076     -0.0428932      0.0029321      0.0045693      0.0897747      0.1441292     -0.0106784      0.0250804      0.1851195      0.1906019     -0.0435516      0.0496559      0.1528953     -0.0911879      0.0241708      0.0334064     -0.0457929     -0.0487430     -0.0918519
     -5.1836279     -0.0108252      0.0156927     -0.0437268     -0.0361829     -0.0758303      0.0832038      0.1240490      0.1155302     -0.1340039      0.1497666      0.1419916      0.1192834     -0.0830154      0.0906612     -0.0074933     -0.0568695      0.0667797      0.0702683      0.1006359     -0.1045698
     -4.8694686     -0.0252181      0.0058222     -0.0080735     -0.0729863     -0.1372565      0.0041661     -0.0033103      0.1916497     -0.2041562     -0.0092362     -0.0158349      0.1579665     -0.0675575     -0.0353957      0.0764438      0.0237085     -0.0702583      0.1246445      0.1453122      0.0611927
     -4.5553093     -0.0299676     -0.0172205      0.0576771     -0.0729831     -0.1154453     -0.1147847     -0.1590014      0.1338938     -0.1111909     -0.1585062     -0.1075332      0.0452078      0.0470222     -0.0361873     -0.0122763      0.1299473     -0.1633327     -0.0204933     -0.0143562      0.1322140
     -4.2411501     -0.0130940     -0.0434536      0.1145108     -0.0130766      0.0067733     -0.1869636     -0.2115146     -0.0365445      0.0563210     -0.1569631     -0.0382481     -0.0583382      0.0529862      0.0878899     -0.1579736      0.0488578     -0.0335507     -0.1459029     -0.0841953     -0.0132315
     -3.9269908      0.0266084     -0.0521750      0.1081460      0.0881173      0.1591111     -0.1335253     -0.1015115     -0.1824856      0.1226961     -0.0229872      0.0635498     -0.0062074     -0.0956594      0.1166756     -0.1088208     -0.1276342      0.0964210     -0.0376898      0.0634659     -0.0563807
     -3.6128316      0.0703055     -0.0238915      0.0133024      0.1641768      0.2193172      0.0333228      0.0756429     -0.1722769      0.0339918      0.0681964      0.0134137      0.1109162     -0.1707200     -0.0437867      0.0699984     -0.1143097     -0.0107221      0.0736749      0.0764320      0.1166378
     -3.2986723      0.0832069      0.0402889     -0.1268892      0.1406470      0.1197737      0.1922711      0.1497603     -0.0280876     -0.0588596      0.0031988     -0.1384877      0.0777515     -0.0285570     -0.1650663      0.0685988      0.0470305     -0.1048277     -0.0599698     -0.1254130      0.1114854
     -2.9845130      0.0371381      0.1067070     -0.2117511      0.0028501     -0.0694749      0.2079408      0.0648056      0.0824988      0.0023959     -0.1020839     -0.1515914     -0.1018949      0.1115822     -0.0578875     -0.0833165      0.0281720      0.0629966     -0.1540000     -0.1050921     -0.0971013
     -2.6703538     -0.0596622      0.1216563     -0.1569309     -0.1675980     -0.1865861      0.0672878     -0.0449712      0.0407913      0.1424220     -0.0538207      0.0232886     -0.1723419      0.0252797      0.0722657     -0.0394073     -0.1387600      0.1627008      0.0312887      0.0824317     -0.0423164
     -2.3561945     -0.1513797      0.0499239      0.0210874     -0.2397518     -0.1357857     -0.0916014     -0.0197120     -0.0666171      0.1389334      0.1210689      0.1298882     -0.0307046     -0.0918175     -0.0229317      0.1540223     -0.0860829     -0.0207974      0.1164229     -0.0331192      0.1118896
     -2.0420352     -0.1628843     -0.0853328      0.1957570     -0.1438344      0.0051363     -0.1179715      0.1060306     -0.0554007     -0.0391877      0.1838658      0.0196161      0.0783524      0.0266368     -0.1486317      0.1079417      0.1179215     -0.0600844     -0.0652536     -0.1551659     -0.0700359
     -1.7278760     -0.0580345     -0.1996952      0.2287116      0.0526347      0.0678254     -0.0172187      0.1356229      0.0958505     -0.1554943      0.0411656     -0.0782682     -0.0276059      0.1794532     -0.0209188     -0.0795464      0.0699849      0.1346090     -0.0438181      0.0681819     -0.1533503
     -1.4137167      0.1157752     -0.1993167      0.0976514      0.1916710     -0.0075808      0.0549096     -0.0140609      0.1930789     -0.0606269     -0.0919636      0.0445390     -0.1312727      0.0658413      0.1508845     -0.0029690     -0.0904740      0.0628719      0.1680699      0.0869180      0.0733801
     -1.0995574      0.2436153     -0.0576826     -0.0756306      0.1681123     -0.0959729     -0.0132915     -0.1732787      0.0903072      0.0629957     -0.0241437      0.1790246      0.0003336     -0.0972066      0.0550466      0.1437023      0.0321882     -0.1433617      0.0633578     -0.1153069     -0.0012025
     -0.7853982      0.2225435      0.1464240     -0.1405453      0.0307476     -0.0454213     -0.1393972     -0.1440717     -0.0906636     -0.0051547      0.0964170      0.0663954      0.1682058      0.0029254     -0.0811687     -0.0150702      0.1807259     -0.0077621     -0.1002871      0.0548816     -0.1643329
     -0.4712389      0.0477168      0.2735460     -0.0667807     -0.0707379      0.1175725     -0.1436158      0.0150962     -0.1223029     -0.1491436      0.0259559     -0.1100059      0.0907275      0.1220644      0.0472858     -0.1590737      0.0111164      0.0906406      0.0777346      0.1619216      0.0666961
     -0.1570796     -0.1703222      0.2266363      0.0318218     -0.0449038      0.2060487      0.0165383      0.0720193      0.0017410     -0.1033508     -0.1540955     -0.0540438     -0.0678205     -0.0342280      0.1734338      0.0086444     -0.1014382     -0.1312039      0.1147154     -0.0779784      0.0896771
      0.1570796     -0.2818261      0.0307854      0.0288437      0.0468724      0.1053356      0.1778595     -0.0360955      0.0623452      0.0928959     -0.1606150      0.0865675     -0.0051409     -0.1762808      0.0132627      0.0686214      0.0752032     -0.1210135     -0.1254186      0.0060539     -0.1186843
      0.4712389     -0.2108740     -0.1806557     -0.0712262      0.0662597     -0.0774030      0.1686937     -0.1122090     -0.0509415      0.1505374      0.0160003      0.0060571      0.1424643     -0.0323641     -0.1268394     -0.1329551      0.0880395      0.0969004     -0.0697760      0.1628880      0.0642998
      0.7853982     -0.0123237     -0.2661085     -0.1382563     -0.0397945     -0.1451841      0.0204018     -0.0021628     -0.1702112      0.0115424      0.0958623     -0.1694850      0.0630585      0.0809369      0.0067928     -0.1219960     -0.1341863     -0.0162305      0.0992690     -0.0744816      0.1564282
      1.0995574      0.1739483     -0.1800491     -0.0645727     -0.1726618     -0.0540837     -0.0803892      0.1674566     -0.1006935     -0.0644592     -0.0199096     -0.1199197     -0.1329254     -0.0662657      0.0899340      0.0943941     -0.1130318     -0.1374786     -0.0752757     -0.0838789     -0.0791294
      1.4137167      0.2304914      0.0021766      0.1098720     -0.1849370      0.0460040     -0.0309219      0.1720449      0.0887565      0.0543897     -0.0957845      0.0678604     -0.1208768     -0.1419377     -0.0833959      0.0527331      0.0735770      0.0768848     -0.1621392      0.1135071      0.0074515
      1.7278760      0.1421014      0.1518333      0.2316428     -0.0376966      0.0143126      0.0684976      0.0109963      0.1657106      0.1578836      0.0307550      0.0728513      0.0397580      0.0422083     -0.1756687     -0.1057136     -0.0070814      0.1304128      0.0550647     -0.0572834      0.1577457
      2.0420352     -0.0097590      0.1836239      0.1860204      0.1562228     -0.1037345      0.0564165     -0.1025883      0.0615416      0.0513042      0.1808596     -0.0713868      0.0377865      0.1507495     -0.0086889      0.0138250     -0.1592663     -0.0653967      0.0599287     -0.1603395     -0.0572078
      2.3561945     -0.1201978      0.1046934      0.0054999      0.2406145     -0.1419221     -0.0817721     -0.0465424     -0.0515772     -0.1305919      0.1300227     -0.0639894     -0.1171285      0.0117980      0.0938995      0.1745941     -0.0254959     -0.0108593     -0.1177663      0.0537720     -0.1035604
      2.6703538     -0.1350681     -0.0107904     -0.1674662      0.1570715     -0.0214771     -0.1971820      0.0582640     -0.0170776     -0.1456800     -0.0442497      0.1126106     -0.1325253     -0.0687280     -0.0337323      0.0532288      0.1340670      0.1647667     -0.0173922      0.0300104      0.0876644
      2.9845130     -0.0728042     -0.0864011     -0.2111209     -0.0165720      0.1563147     -0.1537265      0.0365599      0.0983320     -0.0091657     -0.1016998      0.1771172      0.0446320      0.0708036     -0.1038672     -0.0832450      0.0283825      0.0497232      0.1587834     -0.1430530     -0.0029759
      3.2986723      0.0078248     -0.0921160     -0.1175040     -0.1485774      0.2253365      0.0231819     -0.1021074      0.1130979      0.0589421     -0.0007146      0.0347469      0.1549735      0.1604724      0.0480730      0.0257804     -0.0790761     -0.1095314      0.0508732     -0.0129790     -0.1672990
      3.6128316      0.0564301     -0.0482629      0.0239181     -0.1629690      0.1262416      0.1824102     -0.1864339     -0.0253686     -0.0293908      0.0703021     -0.0914598      0.0641672      0.0230771      0.1747285      0.1251283      0.0480561     -0.0044418     -0.0743184      0.1359654     -0.0309777
      3.9269908      0.0584481      0.0037497      0.1136312     -0.0809208     -0.0500975      0.2015827     -0.1027009     -0.1818189     -0.1239512     -0.0147934     -0.0378641     -0.0514142     -0.1272684      0.0810350     -0.0086084      0.1675063      0.0928812      0.0457231      0.0065938      0.0846358
      4.2411501      0.0306835      0.0334394      0.1134221      0.0204729     -0.1650006      0.0881820      0.0791966     -0.1995039     -0.0666142     -0.1528791      0.0689562     -0.0105503     -0.0809301     -0.0631069     -0.1550627      0.0574309     -0.0457910      0.1425360     -0.0698174     -0.0488820
      4.5553093     -0.0004876      0.0345596      0.0528243      0.0765688     -0.1538192     -0.0533177      0.1971885     -0.0657700      0.1004260     -0.1655362      0.0382591      0.1101969      0.0415459     -0.0423621     -0.0888613     -0.0956069     -0.1644817      0.0065820      0.0813854     -0.1051810
      4.8694686     -0.0178784      0.0187139     -0.0127883      0.0723093     -0.0565270     -0.1251455      0.1652159      0.0971816      0.2030931     -0.0227653     -0.1069015      0.1173722      0.0270710      0.0713024      0.0462039     -0.0653525     -0.0594458     -0.1301486      0.1471078      0.0567406
      5.1836279     -0.0190200      0.0012991     -0.0459806      0.0332719      0.0414559     -0.1046638      0.0338236      0.1661064      0.1436482      0.1405428     -0.1836327     -0.0258686     -0.0999297      0.0715895      0.0286829      0.0496747      0.0724928     -0.0643580     -0.0000679      0.1451290
      5.4977871     -0.0108911     -0.0085070     -0.0426129     -0.0057067      0.0826632     -0.0353153     -0.0843180      0.1173786     -0.0127390      0.1863759     -0.0950194     -0.1708717     -0.1458678     -0.0675667     -0.0870528      0.0363493      0.0294067      0.0484584     -0.0988282      0.0323363
      5.8119464     -0.0018181     -0.0096941     -0.0202914     -0.0246764      0.0651813      0.0256325     -0.1181214      0.0163901     -0.1312691      0.1011330      0.0717203     -0.1772444     -0.0309293     -0.1794129     -0.0982350     -0.0962147     -0.0753525      0.0095492     -0.0156472     -0.0574911
      6.1261057      0.0034913     -0.0059906      0.0011892     -0.0232773      0.0221980      0.0484968     -0.0755467     -0.0584671     -0.1390877     -0.0242856      0.1674047     -0.0551702      0.1273260     -0.1368787      0.0359323     -0.1625311     -0.0460783     -0.1103453      0.0643936      0.0163834
      6.4402649      0.0045291     -0.0015998      0.0117483     -0.0118790     -0.0127296      0.0376554     -0.0095750     -0.0738586     -0.0640661     -0.0968455      0.1335918      0.0781151      0.1780832      0.0119647      0.1638170     -0.0705038      0.0938048     -0.1202519     -0.0085497      0.1077689
      6.7544242      0.0030766      0.0011385      0.0117445     -0.0008549     -0.0254562      0.0139475      0.0338724     -0.0453818      0.0196367     -0.0904141      0.0275140      0.1273980      0.0960462      0.1290380      0.1537644      0.0841113      0.1682944      0.0103048     -0.1306413      0.0555423
      7.0685835      0.0011214      0.0019041      0.0065749      0.0048436     -0.0202426     -0.0047526      0.0414445     -0.0072229      0.0601794     -0.0388627     -0.0596807      0.0874236     -0.0278100      0.1353820      0.0308600      0.1582434      0.0937898      0.1406194     -0.1331799     -0.0877295
      7.3827427     -0.0002078      0.0014539      0.0013205      0.0054175     -0.0084996     -0.0119024      0.0257214      0.0165430      0.0530005      0.0105043     -0.0819403      0.0146223     -0.0974690      0.0591140     -0.0862858      0.1110032     -0.0465155      0.1505067     -0.0093202     -0.1610112
      7.6969020     -0.0006953      0.0006671     -0.0016209      0.0033828      0.0008899     -0.0100716      0.0057695      0.0210061      0.0231238      0.0323688     -0.0523717     -0.0360369     -0.0876822     -0.0232918     -0.1168741      0.0091567     -0.1270889      0.0552261      0.1120523     -0.1012062
      8.0110613     -0.0006205      0.0000690     -0.0022409      0.0010797      0.0048575     -0.0048657     -0.0066258      0.0137057     -0.0034419      0.0284317     -0.0095940     -0.0463020     -0.0349778     -0.0605727     -0.0698398     -0.0629877     -0.1057217     -0.0482146      0.1319257      0.0173442
      8.3252205     -0.0003442     -0.0002031     -0.0015894     -0.0003471      0.0045786     -0.0004669     -0.0095617      0.0042117     -0.0151359      0.0133667      0.0177758     -0.0293659      0.0128188     -0.0508168     -0.0031746     -0.0728615     -0.0299842     -0.0886061      0.0629530      0.0921264
      8.6393798     -0.0000995     -0.0002324     -0.0006787     -0.0008013      0.0025533      0.0016408     -0.0067791     -0.0019345     -0.0139622      0.0001424      0.0233304     -0.0070307      0.0322302     -0.0206189      0.0366735     -0.0408112      0.0329483     -0.0647755     -0.0194838      0.0875742
      8.9535391      0.0000343     -0.0001544     -0.0000407     -0.0006680      0.0006554      0.0018609     -0.0026911     -0.0038294     -0.0073146     -0.0060303      0.0154228      0.0070075      0.0268844      0.0046052      0.0400371     -0.0032224      0.0518958     -0.0173216     -0.0591429      0.0366000
      9.2676983      0.0000723     -0.0000659      0.0002274     -0.0003547     -0.0003867      0.0012046      0.0001686     -0.0030555     -0.0012265     -0.0062062      0.0049149      0.0104528      0.0119288      0.0148179      0.0226320      0.0176195      0.0362601      0.0169816     -0.0509080     -0.0116020
      9.5818576      0.0000593     -0.0000082      0.0002433     -0.0000974     -0.0006504      0.0004669      0.0012859     -0.0014949      0.0019102     -0.0036884     -0.0019219      0.0074915     -0.0003956      0.0129937      0.0036557      0.0196828      0.0108588      0.0264177     -0.0210977     -0.0317091
      9.8960169      0.0000326      0.0000159      0.0001570      0.0000365     -0.0005004     -0.0000016      0.0012235     -0.0002704      0.0024377     -0.0011271     -0.0040745      0.0030524     -0.0057732      0.0065314     -0.0068725      0.0118310     -0.0065635      0.0187910      0.0041698     -0.0267468
     10.2101761      0.0000111      0.0000187      0.0000665      0.0000721     -0.0002520     -0.0001790      0.0007197      0.0003155      0.0016724      0.0003631     -0.0032972     -0.0000660     -0.0056619      0.0009606     -0.0086143      0.0031451     -0.0117473      0.0068048      0.0144720     -0.0119849
     10.5243354     -0.0000005      0.0000129      0.0000093      0.0000583     -0.0000648     -0.0001772      0.0002499      0.0004176      0.0007116      0.0008065     -0.0016500     -0.0013058     -0.0032718     -0.0017727     -0.0057115     -0.0019522     -0.0089485     -0.0015249      0.0127618      0.0002050
     10.8384947     -0.0000043      0.0000063     -0.0000143      0.0000322      0.0000272     -0.0001106     -0.0000200      0.0002971      0.0000677      0.0006637     -0.0003469     -0.0012772     -0.0009761     -0.0021640     -0.0021301     -0.0032740     -0.0039456     -0.0044653      0.0064584      0.0055234
     11.1526539     -0.0000040      0.0000018     -0.0000173      0.0000115      0.0000498     -0.0000464     -0.0001107      0.0001421     -0.0001985      0.0003572      0.0002875     -0.0007693      0.0003155     -0.0014586      0.0001824     -0.0024810     -0.0002326     -0.0038378      0.0010363      0.0054568
     11.4668132     -0.0000025     -0.0000003     -0.0000121      0.0000004      0.0000396     -0.0000073     -0.0001020      0.0000345     -0.0002209      0.0001114      0.0004143     -0.0002854      0.0006866     -0.0006201      0.0010167     -0.0011844      0.0013538     -0.0020316     -0.0016239      0.0031773
     11.7809725     -0.0000012     -0.0000009     -0.0000061     -0.0000034      0.0000219      0.0000087     -0.0000619     -0.0000154     -0.0001470     -0.0000173      0.0003044     -0.0000018      0.0005617     -0.0000705      0.0009382     -0.0002290      0.0014348     -0.0005224     -0.0020279      0.0009878
     12.0951317     -0.0000003     -0.0000008     -0.0000020     -0.0000035      0.0000082      0.0000109     -0.0000259     -0.0000269     -0.0000676     -0.0000557      0.0001524      0.0000996      0.0003047      0.0001555      0.0005498      0.0002126      0.0009074      0.0002515     -0.0013827     -0.0002473
     12.4092910      0.0000001     -0.0000005     -0.0000000     -0.0000023      0.0000009      0.0000078     -0.0000047     -0.0000212     -0.0000162     -0.0000487      0.0000439      0.0000983      0.0001006      0.0001778      0.0002027      0.0002919      0.0003667      0.0004401     -0.0006052     -0.0006143
     12.7234502      0.0000002     -0.0000002      0.0000006     -0.0000011     -0.0000018      0.0000041      0.0000039     -0.0000118      0.0000067     -0.0000290     -0.0000088      0.0000624     -0.0000067      0.0001204      0.0000053      0.0002116      0.0000353      0.0003424     -0.0000916     -0.0005143
     13.0376095      0.0000001     -0.0000001      0.0000006     -0.0000004     -0.0000020      0.0000015      0.0000053     -0.0000047      0.0000118     -0.0000124     -0.0000232      0.0000282     -0.0000406      0.0000576     -0.0000645      0.0001067     -0.0000936      0.0001816      0.0001250     -0.0002863
     13.3517688      0.0000001      0.0000000      0.0000004     -0.0000000     -0.0000014      0.0000002      0.0000039     -0.0000008      0.0000094     -0.0000027     -0.0000197      0.0000071     -0.0000374      0.0000162     -0.0000647      0.0000329     -0.0001035      0.0000605      0.0001540     -0.0001019
     13.6659280      0.0000000      0.0000000      0.0000002      0.0000001     -0.0000007     -0.0000003      0.0000022      0.0000006      0.0000053      0.0000013     -0.0000117     -0.0000021     -0.0000231     -0.0000029     -0.0000418     -0.0000031     -0.0000696     -0.0000017      0.0001078     -0.0000025
     13.9800873      0.0000000      0.0000000      0.0000001      0.0000001     -0.0000003     -0.0000003      0.0000009      0.0000009      0.0000023      0.0000021     -0.0000052     -0.0000043     -0.0000106     -0.0000080     -0.0000197     -0.0000136     -0.0000338     -0.0000214      0.0000539      0.0000313
     14.2942466      0.0000000      0.0000000      0.0000000      0.0000001     -0.0000001     -0.0000002      0.0000002      0.0000007      0.0000006      0.0000016     -0.0000014     -0.0000035     -0.0000030     -0.0000068     -0.0000058     -0.0000122     -0.0000104     -0.0000202      0.0000173      0.0000312
     14.6084058     -0.0000000      0.0000000     -0.0000000      0.0000000      0.0000000     -0.0000001     -0.0000001      0.0000004     -0.0000001      0.0000009      0.0000002     -0.0000021      0.0000004     -0.0000041      0.0000005     -0.0000076      0.0000006     -0.0000128     -0.0000004      0.0000202
     14.9225651     -0.0000000      0.0000000     -0.0000000      0.0000000      0.0000000     -0.0000001     -0.0000001      0.0000002     -0.0000003      0.0000004      0.0000007     -0.0000009      0.0000013     -0.0000019      0.0000023     -0.0000036      0.0000038     -0.0000061     -0.0000059      0.0000098
     15.2367244     -0.0000000      0.0000000     -0.0000000      0.0000000      0.0000000     -0.0000000     -0.0000001      0.0000000     -0.0000002      0.0000001      0.0000006     -0.0000003      0.0000011     -0.0000006      0.0000020     -0.0000011      0.0000035     -0.0000019     -0.0000055      0.0000031
     15.5508836     -0.0000000      0.0000000     -0.0000000      0.0000000      0.0000000      0.0000000     -0.0000001      0.0000000     -0.0000001      0.0000000      0.0000003      0.0000000      0.0000007      0.0000000      0.0000013      0.0000000      0.0000022      0.0000000     -0.0000034      0.0000000
