      0.0000000    260.0904023      0.0000000     -4.3104022      0.0000000    260.0904023
      0.0200200    251.4933804      0.3141593      2.8161225      7.0073279    251.4933804
      0.0400400    243.1010400      0.6283185      8.4216812      3.2922012    243.1010400
      0.0600601    234.9089828      0.9424778      8.5891503     -0.7419786    234.9089828
      0.0800801    226.9129009      1.2566371      7.1683870     -2.8414816    226.9129009
      0.1001001    219.1085753      1.5707963      5.7045043     -3.7029181    219.1085753
      0.1201201    211.4918737      1.8849556      4.5273893     -3.9541733    211.4918737
      0.1401401    204.0587493      2.1991149      3.6357006     -3.9267476    204.0587493
      0.1601602    196.8052386      2.5132741      2.9664522     -3.7792877    196.8052386
      0.1801802    189.7274601      2.8274334      2.4602056     -3.5862473    189.7274601
      0.2002002    182.8216121      3.1415927      2.0719756     -3.3823374    182.8216121
      0.2202202    176.0839717      3.4557519      1.7696704     -3.1834066    176.0839717
      0.2402402    169.5108928      3.7699112      1.5306965     -2.9962419    169.5108928
      0.2602603    163.0988048      4.0840704      1.3390843     -2.8232498    163.0988048
      0.2802803    156.8442108      4.3982297      1.1834226     -2.6647375    156.8442108
      0.3003003    150.7436864      4.7123890      1.0554456     -2.5200435    150.7436864
      0.3203203    144.7938780      5.0265482      0.9490795     -2.3881023    144.7938780
      0.3403403    138.9915014      5.3407075      0.8597976     -2.2677262    138.9915014
      0.3603604    133.3333406      5.6548668      0.7841797     -2.1577418    133.3333406
      0.3803804    127.8162463      5.9690260      0.7196084     -2.0570525    127.8162463
      0.4004004    122.4371342      6.2831853      0.6640565     -1.9646631    122.4371342
      0.4204204    117.1929843      6.5973446      0.6159361     -1.8796846    117.1929843
      0.4404404    112.0808393      6.9115038      0.5739906     -1.8013300    112.0808393
      0.4604605    107.0978032      7.2256631      0.5372158     -1.7289059    107.0978032
      0.4804805    102.2410402      7.5398224      0.5048018     -1.6618025    102.2410402
      0.5005005     97.5077736      7.8539816      0.4760904     -1.5994837     97.5077736
      0.5205205     92.8952843      8.1681409      0.4505420     -1.5414781     92.8952843
      0.5405405     88.4009098      8.4823002      0.4277112     -1.4873706     88.4009098
      0.5605606     84.0220432      8.7964594      0.4072280     -1.4367947     84.0220432
      0.5805806     79.7561318      9.1106187      0.3887828     -1.3894264     79.7561318
      0.6006006     75.6006761      9.4247780      0.3721154     -1.3449784     75.6006761
      0.6206206     71.5532289      9.7389372      0.3570054     -1.3031958     71.5532289
      0.6406406     67.6113938     10.0530965      0.3432654     -1.2638512     67.6113938
      0.6606607     63.7728248     10.3672558      0.3307354     -1.2267418     63.7728248
      0.6806807     60.0352245     10.6814150      0.3192779     -1.1916858     60.0352245
      0.7007007     56.3963439     10.9955743      0.3087743     -1.1585204     56.3963439
      0.7207207     52.8539809     11.3097336      0.2991219     -1.1270990     52.8539809
      0.7407407     49.4059794     11.6238928      0.2902315     -1.0972895     49.4059794
      0.7607608     46.0502286     11.9380521      0.2820252     -1.0689725     46.0502286
      0.7807808     42.7846618     12.2522113      0.2744347     -1.0420400     42.7846618
      0.8008008     39.6072559     12.5663706      0.2674002     -1.0163939     39.6072559
      0.8208208     36.5160298     12.8805299      0.2608687     -0.9919450     36.5160298
      0.8408408     33.5090445     13.1946891      0.2547935     -0.9686121     33.5090445
      0.8608609     30.5844014     13.5088484      0.2491332     -0.9463211     30.5844014
      0.8808809     27.7402418     13.8230077      0.2438509     -0.9250040     27.7402418
      0.9009009     24.9747463     14.1371669      0.2389139     -0.9045988     24.9747463
      0.9209209     22.2861337     14.4513262      0.2342926     -0.8850485     22.2861337
      0.9409409     19.6726602     14.7654855      0.2299608     -0.8663007     19.6726602
      0.9609610     17.1326190     15.0796447      0.2258949     -0.8483070     17.1326190
      0.9809810     14.6643391     15.3938040      0.2220735     -0.8310231     14.6643391
      1.0010010     12.2661848     15.7079633      0.2184775     -0.8144077     12.2661848
      1.0210210      9.9365550     16.0221225      0.2150896     -0.7984228      9.9365550
      1.0410410      7.6738823     16.3362818      0.2118939     -0.7830333      7.6738823
      1.0610611      5.4766328     16.6504411      0.2088764     -0.7682064      5.4766328
      1.0810811      3.3433046     16.9646003      0.2060239     -0.7539119      3.3433046
      1.1011011      1.2724280     17.2787596      0.2033246     -0.7401214      1.2724280
      1.1211211     -0.7374359     17.5929189      0.2007679     -0.7268088     -0.7374359
      1.1411411     -2.6876951     17.9070781      0.1983439     -0.7139496     -2.6876951
      1.1611612     -4.5797281     18.2212374      0.1960435     -0.7015208     -4.5797281
      1.1811812     -6.4148837     18.5353967      0.1938585     -0.6895012     -6.4148837
      1.2012012     -8.1944824     18.8495559      0.1917813     -0.6778707     -8.1944824
      1.2212212     -9.9198165     19.1637152      0.1898050     -0.6666107     -9.9198165
      1.2412412    -11.5921505     19.4778745      0.1879231     -0.6557037    -11.5921505
      1.2612613    -13.2127224     19.7920337      0.1861297     -0.6451331    -13.2127224
      1.2812813    -14.7827435     20.1061930      0.1844193     -0.6348836    -14.7827435
      1.3013013    -16.3033993     20.4203522      0.1827870     -0.6249405    -16.3033993
      1.3213213    -17.7758501     20.7345115      0.1812280     -0.6152903    -17.7758501
      1.3413413    -19.2012311     21.0486708      0.1797381     -0.6059201    -19.2012311
      1.3613614    -20.5806536     21.3628300      0.1783131     -0.5968178    -20.5806536
      1.3813814    -21.9152048     21.6769893      0.1769494     -0.5879719    -21.9152048
      1.4014014    -23.2059487     21.9911486      0.1756436     -0.5793716    -23.2059487
      1.4214214    -24.4539264     22.3053078      0.1743924     -0.5710066    -24.4539264
      1.4414414    -25.6601568     22.6194671      0.1731928     -0.5628675    -25.6601568
      1.4614615    -26.8256368     22.9336264      0.1720419     -0.5549449    -26.8256368
      1.4814815    -27.9513418     23.2477856      0.1709373     -0.5472304    -27.9513418
      1.5015015    -29.0382263     23.5619449      0.1698765     -0.5397156    -29.0382263
      1.5215215    -30.0872242     23.8761042      0.1688571     -0.5323928    -30.0872242
      1.5415415    -31.0992491     24.1902634      0.1678771     -0.5252546    -31.0992491
      1.5615616    -32.0751951     24.5044227      0.1669344     -0.5182941    -32.0751951
      1.5815816    -33.0159369     24.8185820      0.1660272     -0.5115045    -33.0159369
      1.6016016    -33.9223303     25.1327412      0.1651538     -0.5048796    -33.9223303
      1.6216216    -34.7952123     25.4469005      0.1643124     -0.4984133    -34.7952123
      1.6416416    -35.6354022     25.7610598      0.1635015     -0.4920998    -35.6354022
      1.6616617    -36.4437011     26.0752190      0.1627197     -0.4859338    -36.4437011
      1.6816817    -37.2208930     26.3893783      0.1619656     -0.4799100    -37.2208930
      1.7017017    -37.9677446     26.7035376      0.1612380     -0.4740234    -37.9677446
      1.7217217    -38.6850062     27.0176968      0.1605355     -0.4682694    -38.6850062
      1.7417417    -39.3734114     27.3318561      0.1598570     -0.4626433    -39.3734114
      1.7617618    -40.0336781     27.6460154      0.1592015     -0.4571410    -40.0336781
      1.7817818    -40.6665084     27.9601746      0.1585679     -0.4517582    -40.6665084
      1.8018018    -41.2725890     28.2743339      0.1579553     -0.4464909    -41.2725890
      1.8218218    -41.8525915     28.5884931      0.1573628     -0.4413356    -41.8525915
      1.8418418    -42.4071730     28.9026524      0.1567894     -0.4362884    -42.4071730
      1.8618619    -42.9369761     29.2168117      0.1562344     -0.4313460    -42.9369761
      1.8818819    -43.4426291     29.5309709      0.1556970     -0.4265050    -43.4426291
      1.9019019    -43.9247467     29.8451302      0.1551765     -0.4217623    -43.9247467
      1.9219219    -44.3839300     30.1592895      0.1546721     -0.4171148    -44.3839300
      1.9419419    -44.8207668     30.4734487      0.1541832     -0.4125596    -44.8207668
      1.9619620    -45.2358319     30.7876080      0.1537092     -0.4080939    -45.2358319
      1.9819820    -45.6296876     31.1017673      0.1532495     -0.4037151    -45.6296876
      2.0020020    -46.0028834     31.4159265      0.1528035     -0.3994204    -46.0028834
      2.0220220    -46.3559570     31.7300858      0.1523706     -0.3952075    -46.3559570
      2.0420420    -46.6894339     32.0442451      0.1519505     -0.3910739    -46.6894339
      2.0620621    -47.0038280     32.3584043      0.1515425     -0.3870174    -47.0038280
      2.0820821    -47.2996417     32.6725636      0.1511461     -0.3830357    -47.2996417
      2.1021021    -47.5773664     32.9867229      0.1507611     -0.3791268    -47.5773664
      2.1221221    -47.8374824     33.3008821      0.1503869     -0.3752885    -47.8374824
      2.1421421    -48.0804592     33.6150414      0.1500231     -0.3715190    -48.0804592
      2.1621622    -48.3067559     33.9292007      0.1496694     -0.3678162    -48.3067559
      2.1821822    -48.5168213     34.2433599      0.1493254     -0.3641785    -48.5168213
      2.2022022    -48.7110942     34.5575192      0.1489907     -0.3606039    -48.7110942
      2.2222222    -48.8900032     34.8716785      0.1486650     -0.3570909    -48.8900032
      2.2422422    -49.0539678     35.1858377      0.1483480     -0.3536378    -49.0539678
      2.2622623    -49.2033975     35.4999970      0.1480394     -0.3502429    -49.2033975
      2.2822823    -49.3386929     35.8141563      0.1477389     -0.3469049    -49.3386929
      2.3023023    -49.4602454     36.1283155      0.1474462     -0.3436221    -49.4602454
      2.3223223    -49.5684376     36.4424748      0.1471610     -0.3403932    -49.5684376
      2.3423423    -49.6636434     36.7566340      0.1468831     -0.3372168    -49.6636434
      2.3623624    -49.7462281     37.0707933      0.1466122     -0.3340916    -49.7462281
      2.3823824    -49.8165489     37.3849526      0.1463482     -0.3310163    -49.8165489
      2.4024024    -49.8749547     37.6991118      0.1460907     -0.3279896    -49.8749547
      2.4224224    -49.9217863     38.0132711      0.1458396     -0.3250103    -49.9217863
      2.4424424    -49.9573771     38.3274304      0.1455946     -0.3220774    -49.9573771
      2.4624625    -49.9820524     38.6415896      0.1453556     -0.3191896    -49.9820524
      2.4824825    -49.9961304     38.9557489      0.1451223     -0.3163458    -49.9961304
      2.5025025    -49.9999218     39.2699082      0.1448947     -0.3135451    -49.9999218
      2.5225225    -49.9937301     39.5840674      0.1446724     -0.3107864    -49.9937301
      2.5425425    -49.9778520     39.8982267      0.1444554     -0.3080687    -49.9778520
      2.5625626    -49.9525770     40.2123860      0.1442434     -0.3053910    -49.9525770
      2.5825826    -49.9181882     40.5265452      0.1440364     -0.3027524    -49.9181882
      2.6026026    -49.8749620     40.8407045      0.1438341     -0.3001520    -49.8749620
      2.6226226    -49.8231683     41.1548638      0.1436365     -0.2975890    -49.8231683
      2.6426426    -49.7630709     41.4690230      0.1434433     -0.2950625    -49.7630709
      2.6626627    -49.6949273     41.7831823      0.1432545     -0.2925717    -49.6949273
      2.6826827    -49.6189889     42.0973416      0.1430699     -0.2901157    -49.6189889
      2.7027027    -49.5355013     42.4115008      0.1428894     -0.2876938    -49.5355013
      2.7227227    -49.4447044     42.7256601      0.1427129     -0.2853053    -49.4447044
      2.7427427    -49.3468323     43.0398194      0.1425403     -0.2829494    -49.3468323
      2.7627628    -49.2421137     43.3539786      0.1423713     -0.2806254    -49.2421137
      2.7827828    -49.1307717     43.6681379      0.1422061     -0.2783327    -49.1307717
      2.8028028    -49.0130244     43.9822972      0.1420443     -0.2760705    -49.0130244
      2.8228228    -48.8890843     44.2964564      0.1418860     -0.2738382    -48.8890843
      2.8428428    -48.7591593     44.6106157      0.1417311     -0.2716352    -48.7591593
      2.8628629    -48.6234519     44.9247749      0.1415794     -0.2694608    -48.6234519
      2.8828829    -48.4821602     45.2389342      0.1414308     -0.2673145    -48.4821602
      2.9029029    -48.3354770     45.5530935      0.1412854     -0.2651957    -48.3354770
      2.9229229    -48.1835910     45.8672527      0.1411429     -0.2631038    -48.1835910
      2.9429429    -48.0266860     46.1814120      0.1410033     -0.2610383    -48.0266860
      2.9629630    -47.8649415     46.4955713      0.1408666     -0.2589986    -47.8649415
      2.9829830    -47.6985326     46.8097305      0.1407326     -0.2569842    -47.6985326
      3.0030030    -47.5276301     47.1238898      0.1406013     -0.2549946    -47.5276301
      3.0230230    -47.3524007     47.4380491      0.1404726     -0.2530294    -47.3524007
      3.0430430    -47.1730069     47.7522083      0.1403464     -0.2510879    -47.1730069
      3.0630631    -46.9896075     48.0663676      0.1402227     -0.2491699    -46.9896075
      3.0830831    -46.8023571     48.3805269      0.1401015     -0.2472747    -46.8023571
      3.1031031    -46.6114066     48.6946861      0.1399825     -0.2454020    -46.6114066
      3.1231231    -46.4169032     49.0088454      0.1398659     -0.2435514    -46.4169032
      3.1431431    -46.2189903     49.3230047      0.1397515     -0.2417223    -46.2189903
      3.1631632    -46.0178079     49.6371639      0.1396393     -0.2399145    -46.0178079
      3.1831832    -45.8134925     49.9513232      0.1395292     -0.2381274    -45.8134925
      3.2032032    -45.6061771     50.2654825      0.1394212     -0.2363608    -45.6061771
      3.2232232    -45.3959913     50.5796417      0.1393152     -0.2346142    -45.3959913
      3.2432432    -45.1830616     50.8938010      0.1392111     -0.2328872    -45.1830616
      3.2632633    -44.9675111     51.2079603      0.1391090     -0.2311795    -44.9675111
      3.2832833    -44.7494600     51.5221195      0.1390088     -0.2294908    -44.7494600
      3.3033033    -44.5290253     51.8362788      0.1389104     -0.2278206    -44.5290253
      3.3233233    -44.3063210     52.1504380      0.1388137     -0.2261687    -44.3063210
      3.3433433    -44.0814582     52.4645973      0.1387188     -0.2245347    -44.0814582
      3.3633634    -43.8545452     52.7787566      0.1386256     -0.2229183    -43.8545452
      3.3833834    -43.6256874     53.0929158      0.1385341     -0.2213193    -43.6256874
      3.4034034    -43.3949876     53.4070751      0.1384442     -0.2197371    -43.3949876
      3.4234234    -43.1625457     53.7212344      0.1383559     -0.2181717    -43.1625457
      3.4434434    -42.9284592     54.0353936      0.1382691     -0.2166227    -42.9284592
      3.4634635    -42.6928230     54.3495529      0.1381839     -0.2150897    -42.6928230
      3.4834835    -42.4557294     54.6637122      0.1381001     -0.2135726    -42.4557294
      3.5035035    -42.2172684     54.9778714      0.1380178     -0.2120711    -42.2172684
      3.5235235    -41.9775274     55.2920307      0.1379368     -0.2105848    -41.9775274
      3.5435435    -41.7365918     55.6061900      0.1378573     -0.2091135    -41.7365918
      3.5635636    -41.4945443     55.9203492      0.1377791     -0.2076570    -41.4945443
      3.5835836    -41.2514656     56.2345085      0.1377022     -0.2062151    -41.2514656
      3.6036036    -41.0074344     56.5486678      0.1376266     -0.2047874    -41.0074344
      3.6236236    -40.7625268     56.8628270      0.1375523     -0.2033737    -40.7625268
      3.6436436    -40.5168172     57.1769863      0.1374792     -0.2019738    -40.5168172
      3.6636637    -40.2703779     57.4911456      0.1374073     -0.2005876    -40.2703779
      3.6836837    -40.0232790     57.8053048      0.1373366     -0.1992146    -40.0232790
      3.7037037    -39.7755888     58.1194641      0.1372671     -0.1978548    -39.7755888
      3.7237237    -39.5273738     58.4336234      0.1371987     -0.1965080    -39.5273738
      3.7437437    -39.2786985     58.7477826      0.1371314     -0.1951738    -39.2786985
      3.7637638    -39.0296255     59.0619419      0.1370651     -0.1938521    -39.0296255
      3.7837838    -38.7802159     59.3761012      0.1370000     -0.1925428    -38.7802159
      3.8038038    -38.5305288     59.6902604      0.1369359     -0.1912455    -38.5305288
      3.8238238    -38.2806217     60.0044197      0.1368728     -0.1899602    -38.2806217
      3.8438438    -38.0305505     60.3185789      0.1368107     -0.1886866    -38.0305505
      3.8638639    -37.7803694     60.6327382      0.1367495     -0.1874245    -37.7803694
      3.8838839    -37.5301310     60.9468975      0.1366894     -0.1861738    -37.5301310
      3.9039039    -37.2798864     61.2610567      0.1366301     -0.1849343    -37.2798864
      3.9239239    -37.0296852     61.5752160      0.1365718     -0.1837058    -37.0296852
      3.9439439    -36.7795755     61.8893753      0.1365144     -0.1824881    -36.7795755
      3.9639640    -36.5296041     62.2035345      0.1364578     -0.1812811    -36.5296041
      3.9839840    -36.2798161     62.5176938      0.1364022     -0.1800847    -36.2798161
      4.0040040    -36.0302554     62.8318531      0.1363473     -0.1788985    -36.0302554
      4.0240240    -35.7809646     63.1460123      0.1362933     -0.1777226    -35.7809646
      4.0440440    -35.5319849     63.4601716      0.1362401     -0.1765567    -35.5319849
      4.0640641    -35.2833562     63.7743309      0.1361877     -0.1754007    -35.2833562
      4.0840841    -35.0351174     64.0884901      0.1361361     -0.1742545    -35.0351174
      4.1041041    -34.7873057     64.4026494      0.1360853     -0.1731178    -34.7873057
      4.1241241    -34.5399576     64.7168087      0.1360352     -0.1719906    -34.5399576
      4.1441441    -34.2931081     65.0309679      0.1359859     -0.1708728    -34.2931081
      4.1641642    -34.0467912     65.3451272      0.1359372     -0.1697641    -34.0467912
      4.1841842    -33.8010398     65.6592865      0.1358893     -0.1686644    -33.8010398
      4.2042042    -33.5558857     65.9734457      0.1358421     -0.1675737    -33.5558857
      4.2242242    -33.3113596     66.2876050      0.1357956     -0.1664917    -33.3113596
      4.2442442    -33.0674912     66.6017643      0.1357497     -0.1654184    -33.0674912
      4.2642643    -32.8243091     66.9159235      0.1357045     -0.1643537    -32.8243091
      4.2842843    -32.5818412     67.2300828      0.1356599     -0.1632973    -32.5818412
      4.3043043    -32.3401141     67.5442421      0.1356160     -0.1622493    -32.3401141
      4.3243243    -32.0991536     67.8584013      0.1355727     -0.1612094    -32.0991536
      4.3443443    -31.8589846     68.1725606      0.1355300     -0.1601776    -31.8589846
      4.3643644    -31.6196312     68.4867198      0.1354879     -0.1591537    -31.6196312
      4.3843844    -31.3811164     68.8008791      0.1354464     -0.1581377    -31.3811164
      4.4044044    -31.1434625     69.1150384      0.1354055     -0.1571294    -31.1434625
      4.4244244    -30.9066910     69.4291976      0.1353651     -0.1561287    -30.9066910
      4.4444444    -30.6708225     69.7433569      0.1353253     -0.1551355    -30.6708225
      4.4644645    -30.4358769     70.0575162      0.1352861     -0.1541497    -30.4358769
      4.4844845    -30.2018732     70.3716754      0.1352474     -0.1531712    -30.2018732
      4.5045045    -29.9688298     70.6858347      0.1352092     -0.1522000    -29.9688298
      4.5245245    -29.7367643     70.9999940      0.1351715     -0.1512358    -29.7367643
      4.5445445    -29.5056935     71.3141532      0.1351344     -0.1502787    -29.5056935
      4.5645646    -29.2756337     71.6283125      0.1350977     -0.1493285    -29.2756337
      4.5845846    -29.0466003     71.9424718      0.1350616     -0.1483851    -29.0466003
      4.6046046    -28.8186083     72.2566310      0.1350259     -0.1474484    -28.8186083
      4.6246246    -28.5916717     72.5707903      0.1349907     -0.1465184    -28.5916717
      4.6446446    -28.3658043     72.8849496      0.1349560     -0.1455949    -28.3658043
      4.6646647    -28.1410189     73.1991088      0.1349217     -0.1446779    -28.1410189
      4.6846847    -27.9173279     73.5132681      0.1348879     -0.1437673    -27.9173279
      4.7047047    -27.6947431     73.8274274      0.1348545     -0.1428630    -27.6947431
      4.7247247    -27.4732757     74.1415866      0.1348216     -0.1419649    -27.4732757
      4.7447447    -27.2529364     74.4557459      0.1347891     -0.1410729    -27.2529364
      4.7647648    -27.0337353     74.7699052      0.1347570     -0.1401870    -27.0337353
      4.7847848    -26.8156820     75.0840644      0.1347254     -0.1393071    -26.8156820
      4.8048048    -26.5987856     75.3982237      0.1346941     -0.1384330    -26.5987856
      4.8248248    -26.3830547     75.7123830      0.1346633     -0.1375648    -26.3830547
      4.8448448    -26.1684974     76.0265422      0.1346328     -0.1367023    -26.1684974
      4.8648649    -25.9551214     76.3407015      0.1346028     -0.1358455    -25.9551214
      4.8848849    -25.7429337     76.6548607      0.1345731     -0.1349943    -25.7429337
      4.9049049    -25.5319413     76.9690200      0.1345438     -0.1341486    -25.5319413
      4.9249249    -25.3221502     77.2831793      0.1345149     -0.1333084    -25.3221502
      4.9449449    -25.1135665     77.5973385      0.1344863     -0.1324736    -25.1135665
      4.9649650    -24.9061956     77.9114978      0.1344581     -0.1316441    -24.9061956
      4.9849850    -24.7000425     78.2256571      0.1344303     -0.1308198    -24.7000425
      5.0050050    -24.4951120     78.5398163      0.1344028     -0.1300008    -24.4951120
      5.0250250    -24.2914082     78.8539756      0.1343756     -0.1291868    -24.2914082
      5.0450450    -24.0889352     79.1681349      0.1343488     -0.1283779    -24.0889352
      5.0650651    -23.8876964     79.4822941      0.1343223     -0.1275741    -23.8876964
      5.0850851    -23.6876952     79.7964534      0.1342962     -0.1267751    -23.6876952
      5.1051051    -23.4889343     80.1106127      0.1342704     -0.1259810    -23.4889343
      5.1251251    -23.2914164     80.4247719      0.1342448     -0.1251918    -23.2914164
      5.1451451    -23.0951436     80.7389312      0.1342196     -0.1244073    -23.0951436
      5.1651652    -22.9001179     81.0530905      0.1341948     -0.1236275    -22.9001179
      5.1851852    -22.7063408     81.3672497      0.1341702     -0.1228523    -22.7063408
      5.2052052    -22.5138137     81.6814090      0.1341459     -0.1220817    -22.5138137
      5.2252252    -22.3225376     81.9955683      0.1341219     -0.1213157    -22.3225376
      5.2452452    -22.1325133     82.3097275      0.1340982     -0.1205541    -22.1325133
      5.2652653    -21.9437412     82.6238868      0.1340747     -0.1197970    -21.9437412
      5.2852853    -21.7562216     82.9380461      0.1340516     -0.1190442    -21.7562216
      5.3053053    -21.5699544     83.2522053      0.1340287     -0.1182957    -21.5699544
      5.3253253    -21.3849394     83.5663646      0.1340062     -0.1175515    -21.3849394
      5.3453453    -21.2011760     83.8805239      0.1339838     -0.1168115    -21.2011760
      5.3653654    -21.0186635     84.1946831      0.1339618     -0.1160756    -21.0186635
      5.3853854    -20.8374009     84.5088424      0.1339400     -0.1153439    -20.8374009
      5.4054054    -20.6573870     84.8230016      0.1339185     -0.1146162    -20.6573870
      5.4254254    -20.4786205     85.1371609      0.1338972     -0.1138926    -20.4786205
      5.4454454    -20.3010996     85.4513202      0.1338761     -0.1131729    -20.3010996
      5.4654655    -20.1248227     85.7654794      0.1338554     -0.1124571    -20.1248227
      5.4854855    -19.9497877     86.0796387      0.1338348     -0.1117452    -19.9497877
      5.5055055    -19.7759923     86.3937980      0.1338145     -0.1110372    -19.7759923
      5.5255255    -19.6034344     86.7079572      0.1337945     -0.1103329    -19.6034344
      5.5455455    -19.4321112     87.0221165      0.1337746     -0.1096324    -19.4321112
      5.5655656    -19.2620201     87.3362758      0.1337550     -0.1089355    -19.2620201
      5.5855856    -19.0931583     87.6504350      0.1337357     -0.1082424    -19.0931583
      5.6056056    -18.9255227     87.9645943      0.1337165     -0.1075528    -18.9255227
      5.6256256    -18.7591101     88.2787536      0.1336976     -0.1068668    -18.7591101
      5.6456456    -18.5939172     88.5929128      0.1336789     -0.1061844    -18.5939172
      5.6656657    -18.4299406     88.9070721      0.1336604     -0.1055054    -18.4299406
      5.6856857    -18.2671765     89.2212314      0.1336421     -0.1048299    -18.2671765
      5.7057057    -18.1056213     89.5353906      0.1336240     -0.1041577    -18.1056213
      5.7257257    -17.9452711     89.8495499      0.1336061     -0.1034890    -17.9452711
      5.7457457    -17.7861220     90.1637092      0.1335885     -0.1028236    -17.7861220
      5.7657658    -17.6281697     90.4778684      0.1335710     -0.1021615    -17.6281697
      5.7857858    -17.4714102     90.7920277      0.1335537     -0.1015026    -17.4714102
      5.8058058    -17.3158389     91.1061870      0.1335367     -0.1008470    -17.3158389
      5.8258258    -17.1614516     91.4203462      0.1335198     -0.1001946    -17.1614516
      5.8458458    -17.0082436     91.7345055      0.1335031     -0.0995453    -17.0082436
      5.8658659    -16.8562103     92.0486648      0.1334866     -0.0988991    -16.8562103
      5.8858859    -16.7053470     92.3628240      0.1334703     -0.0982560    -16.7053470
      5.9059059    -16.5556488     92.6769833      0.1334542     -0.0976159    -16.5556488
      5.9259259    -16.4071109     92.9911425      0.1334382     -0.0969788    -16.4071109
      5.9459459    -16.2597282     93.3053018      0.1334224     -0.0963448    -16.2597282
      5.9659660    -16.1134956     93.6194611      0.1334068     -0.0957136    -16.1134956
      5.9859860    -15.9684080     93.9336203      0.1333914     -0.0950854    -15.9684080
      6.0060060    -15.8244602     94.2477796      0.1333762     -0.0944600    -15.8244602
      6.0260260    -15.6816468     94.5619389      0.1333611     -0.0938375    -15.6816468
      6.0460460    -15.5399626     94.8760981      0.1333462     -0.0932179    -15.5399626
      6.0660661    -15.3994020     95.1902574      0.1333314     -0.0926009    -15.3994020
      6.0860861    -15.2599595     95.5044167      0.1333168     -0.0919868    -15.2599595
      6.1061061    -15.1216297     95.8185759      0.1333024     -0.0913754    -15.1216297
      6.1261261    -14.9844069     96.1327352      0.1332881     -0.0907666    -14.9844069
      6.1461461    -14.8482854     96.4468945      0.1332740     -0.0901605    -14.8482854
      6.1661662    -14.7132596     96.7610537      0.1332601     -0.0895571    -14.7132596
      6.1861862    -14.5793237     97.0752130      0.1332463     -0.0889563    -14.5793237
      6.2062062    -14.4464718     97.3893723      0.1332326     -0.0883580    -14.4464718
      6.2262262    -14.3146982     97.7035315      0.1332191     -0.0877623    -14.3146982
      6.2462462    -14.1839970     98.0176908      0.1332058     -0.0871691    -14.1839970
      6.2662663    -14.0543622     98.3318501      0.1331926     -0.0865784    -14.0543622
      6.2862863    -13.9257878     98.6460093      0.1331795     -0.0859901    -13.9257878
      6.3063063    -13.7982680     98.9601686      0.1331666     -0.0854043    -13.7982680
      6.3263263    -13.6717966     99.2743279      0.1331538     -0.0848209    -13.6717966
      6.3463463    -13.5463676     99.5884871      0.1331412     -0.0842399    -13.5463676
      6.3663664    -13.4219750     99.9026464      0.1331287     -0.0836612    -13.4219750
      6.3863864    -13.2986127    100.2168056      0.1331163     -0.0830849    -13.2986127
      6.4064064    -13.1762744    100.5309649      0.1331041     -0.0825109    -13.1762744
      6.4264264    -13.0549541    100.8451242      0.1330920     -0.0819392    -13.0549541
      6.4464464    -12.9346456    101.1592834      0.1330800     -0.0813697    -12.9346456
      6.4664665    -12.8153428    101.4734427      0.1330682     -0.0808025    -12.8153428
      6.4864865    -12.6970393    101.7876020      0.1330565     -0.0802374    -12.6970393
      6.5065065    -12.5797291    102.1017612      0.1330449     -0.0796746    -12.5797291
      6.5265265    -12.4634059    102.4159205      0.1330334     -0.0791139    -12.4634059
      6.5465465    -12.3480634    102.7300798      0.1330221     -0.0785553    -12.3480634
      6.5665666    -12.2336955    103.0442390      0.1330109     -0.0779989    -12.2336955
      6.5865866    -12.1202958    103.3583983      0.1329998     -0.0774446    -12.1202958
      6.6066066    -12.0078581    103.6725576      0.1329888     -0.0768923    -12.0078581
      6.6266266    -11.8963762    103.9867168      0.1329780     -0.0763421    -11.8963762
      6.6466466    -11.7858437    104.3008761      0.1329673     -0.0757939    -11.7858437
      6.6666667    -11.6762545    104.6150354      0.1329566     -0.0752477    -11.6762545
      6.6866867    -11.5676022    104.9291946      0.1329461     -0.0747034    -11.5676022
      6.7067067    -11.4598805    105.2433539      0.1329358     -0.0741612    -11.4598805
      6.7267267    -11.3530833    105.5575132      0.1329255     -0.0736209    -11.3530833
      6.7467467    -11.2472042    105.8716724      0.1329153     -0.0730825    -11.2472042
      6.7667668    -11.1422370    106.1858317      0.1329053     -0.0725460    -11.1422370
      6.7867868    -11.0381754    106.4999910      0.1328953     -0.0720113    -11.0381754
      6.8068068    -10.9350132    106.8141502      0.1328855     -0.0714786    -10.9350132
      6.8268268    -10.8327441    107.1283095      0.1328758     -0.0709476    -10.8327441
      6.8468468    -10.7313620    107.4424688      0.1328661     -0.0704185    -10.7313620
      6.8668669    -10.6308605    107.7566280      0.1328566     -0.0698912    -10.6308605
      6.8868869    -10.5312335    108.0707873      0.1328472     -0.0693656    -10.5312335
      6.9069069    -10.4324748    108.3849465      0.1328379     -0.0688418    -10.4324748
      6.9269269    -10.3345781    108.6991058      0.1328287     -0.0683198    -10.3345781
      6.9469469    -10.2375374    109.0132651      0.1328196     -0.0677994    -10.2375374
      6.9669670    -10.1413464    109.3274243      0.1328105     -0.0672808    -10.1413464
      6.9869870    -10.0459990    109.6415836      0.1328016     -0.0667638    -10.0459990
      7.0070070     -9.9514890    109.9557429      0.1327928     -0.0662486     -9.9514890
      7.0270270     -9.8578104    110.2699021      0.1327841     -0.0657349     -9.8578104
      7.0470470     -9.7649570    110.5840614      0.1327755     -0.0652229     -9.7649570
      7.0670671     -9.6729228    110.8982207      0.1327669     -0.0647125     -9.6729228
      7.0870871     -9.5817017    111.2123799      0.1327585     -0.0642037     -9.5817017
      7.1071071     -9.4912876    111.5265392      0.1327501     -0.0636964     -9.4912876
      7.1271271     -9.4016746    111.8406985      0.1327419     -0.0631908     -9.4016746
      7.1471471     -9.3128565    112.1548577      0.1327337     -0.0626866     -9.3128565
      7.1671672     -9.2248275    112.4690170      0.1327257     -0.0621840     -9.2248275
      7.1871872     -9.1375816    112.7831763      0.1327177     -0.0616829     -9.1375816
      7.2072072     -9.0511127    113.0973355      0.1327098     -0.0611833     -9.0511127
      7.2272272     -8.9654151    113.4114948      0.1327020     -0.0606851     -8.9654151
      7.2472472     -8.8804828    113.7256541      0.1326942     -0.0601885     -8.8804828
      7.2672673     -8.7963100    114.0398133      0.1326866     -0.0596932     -8.7963100
      7.2872873     -8.7128907    114.3539726      0.1326790     -0.0591994     -8.7128907
      7.3073073     -8.6302192    114.6681319      0.1326716     -0.0587070     -8.6302192
      7.3273273     -8.5482896    114.9822911      0.1326642     -0.0582160     -8.5482896
      7.3473473     -8.4670962    115.2964504      0.1326569     -0.0577263     -8.4670962
      7.3673674     -8.3866333    115.6106097      0.1326497     -0.0572381     -8.3866333
      7.3873874     -8.3068950    115.9247689      0.1326425     -0.0567511     -8.3068950
      7.4074074     -8.2278758    116.2389282      0.1326355     -0.0562655     -8.2278758
      7.4274274     -8.1495699    116.5530874      0.1326285     -0.0557813     -8.1495699
      7.4474474     -8.0719718    116.8672467      0.1326216     -0.0552983     -8.0719718
      7.4674675     -7.9950757    117.1814060      0.1326148     -0.0548166     -7.9950757
      7.4874875     -7.9188761    117.4955652      0.1326080     -0.0543362     -7.9188761
      7.5075075     -7.8433674    117.8097245      0.1326013     -0.0538570     -7.8433674
      7.5275275     -7.7685441    118.1238838      0.1325948     -0.0533791     -7.7685441
      7.5475475     -7.6944007    118.4380430      0.1325882     -0.0529025     -7.6944007
      7.5675676     -7.6209317    118.7522023      0.1325818     -0.0524270     -7.6209317
      7.5875876     -7.5481317    119.0663616      0.1325754     -0.0519527     -7.5481317
      7.6076076     -7.4759952    119.3805208      0.1325691     -0.0514797     -7.4759952
      7.6276276     -7.4045169    119.6946801      0.1325629     -0.0510078     -7.4045169
      7.6476476     -7.3336914    120.0088394      0.1325568     -0.0505370     -7.3336914
      7.6676677     -7.2635134    120.3229986      0.1325507     -0.0500674     -7.2635134
      7.6876877     -7.1939775    120.6371579      0.1325447     -0.0495990     -7.1939775
      7.7077077     -7.1250786    120.9513172      0.1325387     -0.0491317     -7.1250786
      7.7277277     -7.0568113    121.2654764      0.1325329     -0.0486654     -7.0568113
      7.7477477     -6.9891704    121.5796357      0.1325271     -0.0482003     -6.9891704
      7.7677678     -6.9221508    121.8937950      0.1325213     -0.0477363     -6.9221508
      7.7877878     -6.8557474    122.2079542      0.1325157     -0.0472733     -6.8557474
      7.8078078     -6.7899549    122.5221135      0.1325101     -0.0468113     -6.7899549
      7.8278278     -6.7247684    122.8362728      0.1325046     -0.0463505     -6.7247684
      7.8478478     -6.6601827    123.1504320      0.1324991     -0.0458906     -6.6601827
      7.8678679     -6.5961929    123.4645913      0.1324937     -0.0454318     -6.5961929
      7.8878879     -6.5327939    123.7787506      0.1324884     -0.0449739     -6.5327939
      7.9079079     -6.4699807    124.0929098      0.1324831     -0.0445171     -6.4699807
      7.9279279     -6.4077486    124.4070691      0.1324779     -0.0440613     -6.4077486
      7.9479479     -6.3460924    124.7212283      0.1324728     -0.0436064     -6.3460924
      7.9679680     -6.2850075    125.0353876      0.1324677     -0.0431524     -6.2850075
      7.9879880     -6.2244889    125.3495469      0.1324627     -0.0426995     -6.2244889
      8.0080080     -6.1645318    125.6637061      0.1324578     -0.0422474     -6.1645318
      8.0280280     -6.1051315    125.9778654      0.1324529     -0.0417963     -6.1051315
      8.0480480     -6.0462832    126.2920247      0.1324481     -0.0413461     -6.0462832
      8.0680681     -5.9879821    126.6061839      0.1324434     -0.0408967     -5.9879821
      8.0880881     -5.9302238    126.9203432      0.1324387     -0.0404483     -5.9302238
      8.1081081     -5.8730033    127.2345025      0.1324340     -0.0400007     -5.8730033
      8.1281281     -5.8163162    127.5486617      0.1324295     -0.0395540     -5.8163162
      8.1481481     -5.7601579    127.8628210      0.1324250     -0.0391082     -5.7601579
      8.1681682     -5.7045238    128.1769803      0.1324205     -0.0386632     -5.7045238
      8.1881882     -5.6494094    128.4911395      0.1324161     -0.0382190     -5.6494094
      8.2082082     -5.5948102    128.8052988      0.1324118     -0.0377757     -5.5948102
      8.2282282     -5.5407216    129.1194581      0.1324075     -0.0373331     -5.5407216
      8.2482482     -5.4871394    129.4336173      0.1324033     -0.0368914     -5.4871394
      8.2682683     -5.4340591    129.7477766      0.1323991     -0.0364504     -5.4340591
      8.2882883     -5.3814763    130.0619359      0.1323950     -0.0360102     -5.3814763
      8.3083083     -5.3293867    130.3760951      0.1323910     -0.0355708     -5.3293867
      8.3283283     -5.2777859    130.6902544      0.1323870     -0.0351321     -5.2777859
      8.3483483     -5.2266698    131.0044137      0.1323830     -0.0346942     -5.2266698
      8.3683684     -5.1760340    131.3185729      0.1323792     -0.0342570     -5.1760340
      8.3883884     -5.1258744    131.6327322      0.1323753     -0.0338205     -5.1258744
      8.4084084     -5.0761868    131.9468915      0.1323716     -0.0333848     -5.0761868
      8.4284284     -5.0269669    132.2610507      0.1323679     -0.0329497     -5.0269669
      8.4484484     -4.9782107    132.5752100      0.1323642     -0.0325154     -4.9782107
      8.4684685     -4.9299142    132.8893692      0.1323606     -0.0320817     -4.9299142
      8.4884885     -4.8820731    133.2035285      0.1323571     -0.0316487     -4.8820731
      8.5085085     -4.8346836    133.5176878      0.1323536     -0.0312163     -4.8346836
      8.5285285     -4.7877415    133.8318470      0.1323501     -0.0307846     -4.7877415
      8.5485485     -4.7412430    134.1460063      0.1323467     -0.0303536     -4.7412430
      8.5685686     -4.6951841    134.4601656      0.1323434     -0.0299232     -4.6951841
      8.5885886     -4.6495609    134.7743248      0.1323401     -0.0294934     -4.6495609
      8.6086086     -4.6043694    135.0884841      0.1323369     -0.0290642     -4.6043694
      8.6286286     -4.5596059    135.4026434      0.1323337     -0.0286356     -4.5596059
      8.6486486     -4.5152665    135.7168026      0.1323306     -0.0282076     -4.5152665
      8.6686687     -4.4713474    136.0309619      0.1323275     -0.0277802     -4.4713474
      8.6886887     -4.4278449    136.3451212      0.1323245     -0.0273533     -4.4278449
      8.7087087     -4.3847552    136.6592804      0.1323215     -0.0269270     -4.3847552
      8.7287287     -4.3420746    136.9734397      0.1323185     -0.0265013     -4.3420746
      8.7487487     -4.2997995    137.2875990      0.1323157     -0.0260761     -4.2997995
      8.7687688     -4.2579261    137.6017582      0.1323128     -0.0256515     -4.2579261
      8.7887888     -4.2164510    137.9159175      0.1323101     -0.0252274     -4.2164510
      8.8088088     -4.1753704    138.2300768      0.1323073     -0.0248038     -4.1753704
      8.8288288     -4.1346808    138.5442360      0.1323047     -0.0243807     -4.1346808
      8.8488488     -4.0943787    138.8583953      0.1323020     -0.0239581     -4.0943787
      8.8688689     -4.0544606    139.1725546      0.1322995     -0.0235360     -4.0544606
      8.8888889     -4.0149230    139.4867138      0.1322969     -0.0231143     -4.0149230
      8.9089089     -3.9757624    139.8008731      0.1322944     -0.0226932     -3.9757624
      8.9289289     -3.9369755    140.1150324      0.1322920     -0.0222725     -3.9369755
      8.9489489     -3.8985588    140.4291916      0.1322896     -0.0218522     -3.8985588
      8.9689690     -3.8605089    140.7433509      0.1322873     -0.0214324     -3.8605089
      8.9889890     -3.8228226    141.0575101      0.1322850     -0.0210131     -3.8228226
      9.0090090     -3.7854964    141.3716694      0.1322828     -0.0205941     -3.7854964
      9.0290290     -3.7485272    141.6858287      0.1322806     -0.0201756     -3.7485272
      9.0490490     -3.7119116    141.9999879      0.1322784     -0.0197575     -3.7119116
      9.0690691     -3.6756465    142.3141472      0.1322763     -0.0193398     -3.6756465
      9.0890891     -3.6397286    142.6283065      0.1322743     -0.0189224     -3.6397286
      9.1091091     -3.6041547    142.9424657      0.1322723     -0.0185055     -3.6041547
      9.1291291     -3.5689217    143.2566250      0.1322703     -0.0180889     -3.5689217
      9.1491491     -3.5340264    143.5707843      0.1322684     -0.0176727     -3.5340264
      9.1691692     -3.4994658    143.8849435      0.1322665     -0.0172568     -3.4994658
      9.1891892     -3.4652367    144.1991028      0.1322647     -0.0168413     -3.4652367
      9.2092092     -3.4313362    144.5132621      0.1322629     -0.0164262     -3.4313362
      9.2292292     -3.3977611    144.8274213      0.1322612     -0.0160113     -3.3977611
      9.2492492     -3.3645086    145.1415806      0.1322595     -0.0155968     -3.3645086
      9.2692693     -3.3315756    145.4557399      0.1322579     -0.0151826     -3.3315756
      9.2892893     -3.2989591    145.7698991      0.1322563     -0.0147687     -3.2989591
      9.3093093     -3.2666562    146.0840584      0.1322547     -0.0143551     -3.2666562
      9.3293293     -3.2346642    146.3982177      0.1322532     -0.0139417     -3.2346642
      9.3493493     -3.2029799    146.7123769      0.1322517     -0.0135287     -3.2029799
      9.3693694     -3.1716007    147.0265362      0.1322503     -0.0131159     -3.1716007
      9.3893894     -3.1405236    147.3406955      0.1322490     -0.0127034     -3.1405236
      9.4094094     -3.1097460    147.6548547      0.1322476     -0.0122911     -3.1097460
      9.4294294     -3.0792649    147.9690140      0.1322464     -0.0118791     -3.0792649
      9.4494494     -3.0490776    148.2831732      0.1322451     -0.0114673     -3.0490776
      9.4694695     -3.0191815    148.5973325      0.1322439     -0.0110558     -3.0191815
      9.4894895     -2.9895738    148.9114918      0.1322428     -0.0106444     -2.9895738
      9.5095095     -2.9602517    149.2256510      0.1322417     -0.0102333     -2.9602517
      9.5295295     -2.9312127    149.5398103      0.1322406     -0.0098224     -2.9312127
      9.5495495     -2.9024542    149.8539696      0.1322396     -0.0094117     -2.9024542
      9.5695696     -2.8739733    150.1681288      0.1322386     -0.0090011     -2.8739733
      9.5895896     -2.8457677    150.4822881      0.1322377     -0.0085908     -2.8457677
      9.6096096     -2.8178347    150.7964474      0.1322368     -0.0081806     -2.8178347
      9.6296296     -2.7901718    151.1106066      0.1322360     -0.0077706     -2.7901718
      9.6496496     -2.7627764    151.4247659      0.1322352     -0.0073607     -2.7627764
      9.6696697     -2.7356461    151.7389252      0.1322344     -0.0069510     -2.7356461
      9.6896897     -2.7087783    152.0530844      0.1322337     -0.0065414     -2.7087783
      9.7097097     -2.6821705    152.3672437      0.1322330     -0.0061319     -2.6821705
      9.7297297     -2.6558205    152.6814030      0.1322324     -0.0057226     -2.6558205
      9.7497497     -2.6297256    152.9955622      0.1322318     -0.0053133     -2.6297256
      9.7697698     -2.6038836    153.3097215      0.1322313     -0.0049042     -2.6038836
      9.7897898     -2.5782920    153.6238808      0.1322308     -0.0044952     -2.5782920
      9.8098098     -2.5529485    153.9380400      0.1322304     -0.0040863     -2.5529485
      9.8298298     -2.5278507    154.2521993      0.1322299     -0.0036774     -2.5278507
      9.8498498     -2.5029964    154.5663586      0.1322296     -0.0032686     -2.5029964
      9.8698699     -2.4783833    154.8805178      0.1322293     -0.0028599     -2.4783833
      9.8898899     -2.4540090    155.1946771      0.1322290     -0.0024512     -2.4540090
      9.9099099     -2.4298713    155.5088364      0.1322287     -0.0020426     -2.4298713
      9.9299299     -2.4059680    155.8229956      0.1322285     -0.0016341     -2.4059680
      9.9499499     -2.3822969    156.1371549      0.1322284     -0.0012255     -2.3822969
      9.9699700     -2.3588557    156.4513141      0.1322283     -0.0008170     -2.3588557
      9.9899900     -2.3356423    156.7654734      0.1322282     -0.0004085     -2.3356423
     10.0100100     -2.3126546    157.0796327      0.1322282      0.0000000     -2.3126546
     10.0300300     -2.2898903    157.0796327      0.1322282      0.0000000     -2.2898903
     10.0500501     -2.2673475    157.0796327      0.1322282      0.0000000     -2.2673475
     10.0700701     -2.2450239    157.0796327      0.1322282      0.0000000     -2.2450239
     10.0900901     -2.2229175    157.0796327      0.1322282      0.0000000     -2.2229175
     10.1101101     -2.2010263    157.0796327      0.1322282      0.0000000     -2.2010263
     10.1301301     -2.1793482    157.0796327      0.1322282      0.0000000     -2.1793482
     10.1501502     -2.1578811    157.0796327      0.1322282      0.0000000     -2.1578811
     10.1701702     -2.1366231    157.0796327      0.1322282      0.0000000     -2.1366231
     10.1901902     -2.1155722    157.0796327      0.1322282      0.0000000     -2.1155722
     10.2102102     -2.0947264    157.0796327      0.1322282      0.0000000     -2.0947264
     10.2302302     -2.0740838    157.0796327      0.1322282      0.0000000     -2.0740838
     10.2502503     -2.0536424    157.0796327      0.1322282      0.0000000     -2.0536424
     10.2702703     -2.0334003    157.0796327      0.1322282      0.0000000     -2.0334003
     10.2902903     -2.0133556    157.0796327      0.1322282      0.0000000     -2.0133556
     10.3103103     -1.9935064    157.0796327      0.1322282      0.0000000     -1.9935064
     10.3303303     -1.9738508    157.0796327      0.1322282      0.0000000     -1.9738508
     10.3503504     -1.9543871    157.0796327      0.1322282      0.0000000     -1.9543871
     10.3703704     -1.9351134    157.0796327      0.1322282      0.0000000     -1.9351134
     10.3903904     -1.9160278    157.0796327      0.1322282      0.0000000     -1.9160278
     10.4104104     -1.8971286    157.0796327      0.1322282      0.0000000     -1.8971286
     10.4304304     -1.8784139    157.0796327      0.1322282      0.0000000     -1.8784139
     10.4504505     -1.8598821    157.0796327      0.1322282      0.0000000     -1.8598821
     10.4704705     -1.8415313    157.0796327      0.1322282      0.0000000     -1.8415313
     10.4904905     -1.8233599    157.0796327      0.1322282      0.0000000     -1.8233599
     10.5105105     -1.8053660    157.0796327      0.1322282      0.0000000     -1.8053660
     10.5305305     -1.7875481    157.0796327      0.1322282      0.0000000     -1.7875481
     10.5505506     -1.7699044    157.0796327      0.1322282      0.0000000     -1.7699044
     10.5705706     -1.7524333    157.0796327      0.1322282      0.0000000     -1.7524333
     10.5905906     -1.7351331    157.0796327      0.1322282      0.0000000     -1.7351331
     10.6106106     -1.7180021    157.0796327      0.1322282      0.0000000     -1.7180021
     10.6306306     -1.7010387    157.0796327      0.1322282      0.0000000     -1.7010387
     10.6506507     -1.6842414    157.0796327      0.1322282      0.0000000     -1.6842414
     10.6706707     -1.6676085    157.0796327      0.1322282      0.0000000     -1.6676085
     10.6906907     -1.6511384    157.0796327      0.1322282      0.0000000     -1.6511384
     10.7107107     -1.6348296    157.0796327      0.1322282      0.0000000     -1.6348296
     10.7307307     -1.6186806    157.0796327      0.1322282      0.0000000     -1.6186806
     10.7507508     -1.6026897    157.0796327      0.1322282      0.0000000     -1.6026897
     10.7707708     -1.5868555    157.0796327      0.1322282      0.0000000     -1.5868555
     10.7907908     -1.5711765    157.0796327      0.1322282      0.0000000     -1.5711765
     10.8108108     -1.5556511    157.0796327      0.1322282      0.0000000     -1.5556511
     10.8308308     -1.5402779    157.0796327      0.1322282      0.0000000     -1.5402779
     10.8508509     -1.5250554    157.0796327      0.1322282      0.0000000     -1.5250554
     10.8708709     -1.5099822    157.0796327      0.1322282      0.0000000     -1.5099822
     10.8908909     -1.4950568    157.0796327      0.1322282      0.0000000     -1.4950568
     10.9109109     -1.4802778    157.0796327      0.1322282      0.0000000     -1.4802778
     10.9309309     -1.4656438    157.0796327      0.1322282      0.0000000     -1.4656438
     10.9509510     -1.4511534    157.0796327      0.1322282      0.0000000     -1.4511534
     10.9709710     -1.4368051    157.0796327      0.1322282      0.0000000     -1.4368051
     10.9909910     -1.4225977    157.0796327      0.1322282      0.0000000     -1.4225977
     11.0110110     -1.4085298    157.0796327      0.1322282      0.0000000     -1.4085298
     11.0310310     -1.3945999    157.0796327      0.1322282      0.0000000     -1.3945999
     11.0510511     -1.3808069    157.0796327      0.1322282      0.0000000     -1.3808069
     11.0710711     -1.3671492    157.0796327      0.1322282      0.0000000     -1.3671492
     11.0910911     -1.3536258    157.0796327      0.1322282      0.0000000     -1.3536258
     11.1111111     -1.3402351    157.0796327      0.1322282      0.0000000     -1.3402351
     11.1311311     -1.3269761    157.0796327      0.1322282      0.0000000     -1.3269761
     11.1511512     -1.3138473    157.0796327      0.1322282      0.0000000     -1.3138473
     11.1711712     -1.3008475    157.0796327      0.1322282      0.0000000     -1.3008475
     11.1911912     -1.2879755    157.0796327      0.1322282      0.0000000     -1.2879755
     11.2112112     -1.2752300    157.0796327      0.1322282      0.0000000     -1.2752300
     11.2312312     -1.2626098    157.0796327      0.1322282      0.0000000     -1.2626098
     11.2512513     -1.2501138    157.0796327      0.1322282      0.0000000     -1.2501138
     11.2712713     -1.2377406    157.0796327      0.1322282      0.0000000     -1.2377406
     11.2912913     -1.2254891    157.0796327      0.1322282      0.0000000     -1.2254891
     11.3113113     -1.2133581    157.0796327      0.1322282      0.0000000     -1.2133581
     11.3313313     -1.2013464    157.0796327      0.1322282      0.0000000     -1.2013464
     11.3513514     -1.1894529    157.0796327      0.1322282      0.0000000     -1.1894529
     11.3713714     -1.1776765    157.0796327      0.1322282      0.0000000     -1.1776765
     11.3913914     -1.1660159    157.0796327      0.1322282      0.0000000     -1.1660159
     11.4114114     -1.1544702    157.0796327      0.1322282      0.0000000     -1.1544702
     11.4314314     -1.1430380    157.0796327      0.1322282      0.0000000     -1.1430380
     11.4514515     -1.1317184    157.0796327      0.1322282      0.0000000     -1.1317184
     11.4714715     -1.1205103    157.0796327      0.1322282      0.0000000     -1.1205103
     11.4914915     -1.1094126    157.0796327      0.1322282      0.0000000     -1.1094126
     11.5115115     -1.0984241    157.0796327      0.1322282      0.0000000     -1.0984241
     11.5315315     -1.0875438    157.0796327      0.1322282      0.0000000     -1.0875438
     11.5515516     -1.0767708    157.0796327      0.1322282      0.0000000     -1.0767708
     11.5715716     -1.0661039    157.0796327      0.1322282      0.0000000     -1.0661039
     11.5915916     -1.0555420    157.0796327      0.1322282      0.0000000     -1.0555420
     11.6116116     -1.0450843    157.0796327      0.1322282      0.0000000     -1.0450843
     11.6316316     -1.0347296    157.0796327      0.1322282      0.0000000     -1.0347296
     11.6516517     -1.0244769    157.0796327      0.1322282      0.0000000     -1.0244769
     11.6716717     -1.0143253    157.0796327      0.1322282      0.0000000     -1.0143253
     11.6916917     -1.0042738    157.0796327      0.1322282      0.0000000     -1.0042738
     11.7117117     -0.9943214    157.0796327      0.1322282      0.0000000     -0.9943214
     11.7317317     -0.9844671    157.0796327      0.1322282      0.0000000     -0.9844671
     11.7517518     -0.9747100    157.0796327      0.1322282      0.0000000     -0.9747100
     11.7717718     -0.9650491    157.0796327      0.1322282      0.0000000     -0.9650491
     11.7917918     -0.9554836    157.0796327      0.1322282      0.0000000     -0.9554836
     11.8118118     -0.9460123    157.0796327      0.1322282      0.0000000     -0.9460123
     11.8318318     -0.9366345    157.0796327      0.1322282      0.0000000     -0.9366345
     11.8518519     -0.9273492    157.0796327      0.1322282      0.0000000     -0.9273492
     11.8718719     -0.9181555    157.0796327      0.1322282      0.0000000     -0.9181555
     11.8918919     -0.9090526    157.0796327      0.1322282      0.0000000     -0.9090526
     11.9119119     -0.9000395    157.0796327      0.1322282      0.0000000     -0.9000395
     11.9319319     -0.8911153    157.0796327      0.1322282      0.0000000     -0.8911153
     11.9519520     -0.8822792    157.0796327      0.1322282      0.0000000     -0.8822792
     11.9719720     -0.8735304    157.0796327      0.1322282      0.0000000     -0.8735304
     11.9919920     -0.8648679    157.0796327      0.1322282      0.0000000     -0.8648679
     12.0120120     -0.8562910    157.0796327      0.1322282      0.0000000     -0.8562910
     12.0320320     -0.8477987    157.0796327      0.1322282      0.0000000     -0.8477987
     12.0520521     -0.8393903    157.0796327      0.1322282      0.0000000     -0.8393903
     12.0720721     -0.8310650    157.0796327      0.1322282      0.0000000     -0.8310650
     12.0920921     -0.8228218    157.0796327      0.1322282      0.0000000     -0.8228218
     12.1121121     -0.8146601    157.0796327      0.1322282      0.0000000     -0.8146601
     12.1321321     -0.8065790    157.0796327      0.1322282      0.0000000     -0.8065790
     12.1521522     -0.7985778    157.0796327      0.1322282      0.0000000     -0.7985778
     12.1721722     -0.7906556    157.0796327      0.1322282      0.0000000     -0.7906556
     12.1921922     -0.7828117    157.0796327      0.1322282      0.0000000     -0.7828117
     12.2122122     -0.7750452    157.0796327      0.1322282      0.0000000     -0.7750452
     12.2322322     -0.7673556    157.0796327      0.1322282      0.0000000     -0.7673556
     12.2522523     -0.7597419    157.0796327      0.1322282      0.0000000     -0.7597419
     12.2722723     -0.7522035    157.0796327      0.1322282      0.0000000     -0.7522035
     12.2922923     -0.7447396    157.0796327      0.1322282      0.0000000     -0.7447396
     12.3123123     -0.7373495    157.0796327      0.1322282      0.0000000     -0.7373495
     12.3323323     -0.7300325    157.0796327      0.1322282      0.0000000     -0.7300325
     12.3523524     -0.7227877    157.0796327      0.1322282      0.0000000     -0.7227877
     12.3723724     -0.7156147    157.0796327      0.1322282      0.0000000     -0.7156147
     12.3923924     -0.7085125    157.0796327      0.1322282      0.0000000     -0.7085125
     12.4124124     -0.7014806    157.0796327      0.1322282      0.0000000     -0.7014806
     12.4324324     -0.6945182    157.0796327      0.1322282      0.0000000     -0.6945182
     12.4524525     -0.6876247    157.0796327      0.1322282      0.0000000     -0.6876247
     12.4724725     -0.6807994    157.0796327      0.1322282      0.0000000     -0.6807994
     12.4924925     -0.6740416    157.0796327      0.1322282      0.0000000     -0.6740416
     12.5125125     -0.6673507    157.0796327      0.1322282      0.0000000     -0.6673507
     12.5325325     -0.6607259    157.0796327      0.1322282      0.0000000     -0.6607259
     12.5525526     -0.6541667    157.0796327      0.1322282      0.0000000     -0.6541667
     12.5725726     -0.6476724    157.0796327      0.1322282      0.0000000     -0.6476724
     12.5925926     -0.6412423    157.0796327      0.1322282      0.0000000     -0.6412423
     12.6126126     -0.6348759    157.0796327      0.1322282      0.0000000     -0.6348759
     12.6326326     -0.6285725    157.0796327      0.1322282      0.0000000     -0.6285725
     12.6526527     -0.6223315    157.0796327      0.1322282      0.0000000     -0.6223315
     12.6726727     -0.6161522    157.0796327      0.1322282      0.0000000     -0.6161522
     12.6926927     -0.6100341    157.0796327      0.1322282      0.0000000     -0.6100341
     12.7127127     -0.6039766    157.0796327      0.1322282      0.0000000     -0.6039766
     12.7327327     -0.5979790    157.0796327      0.1322282      0.0000000     -0.5979790
     12.7527528     -0.5920409    157.0796327      0.1322282      0.0000000     -0.5920409
     12.7727728     -0.5861615    157.0796327      0.1322282      0.0000000     -0.5861615
     12.7927928     -0.5803403    157.0796327      0.1322282      0.0000000     -0.5803403
     12.8128128     -0.5745768    157.0796327      0.1322282      0.0000000     -0.5745768
     12.8328328     -0.5688703    157.0796327      0.1322282      0.0000000     -0.5688703
     12.8528529     -0.5632204    157.0796327      0.1322282      0.0000000     -0.5632204
     12.8728729     -0.5576264    157.0796327      0.1322282      0.0000000     -0.5576264
     12.8928929     -0.5520878    157.0796327      0.1322282      0.0000000     -0.5520878
     12.9129129     -0.5466041    157.0796327      0.1322282      0.0000000     -0.5466041
     12.9329329     -0.5411747    157.0796327      0.1322282      0.0000000     -0.5411747
     12.9529530     -0.5357990    157.0796327      0.1322282      0.0000000     -0.5357990
     12.9729730     -0.5304767    157.0796327      0.1322282      0.0000000     -0.5304767
     12.9929930     -0.5252070    157.0796327      0.1322282      0.0000000     -0.5252070
     13.0130130     -0.5199896    157.0796327      0.1322282      0.0000000     -0.5199896
     13.0330330     -0.5148239    157.0796327      0.1322282      0.0000000     -0.5148239
     13.0530531     -0.5097093    157.0796327      0.1322282      0.0000000     -0.5097093
     13.0730731     -0.5046454    157.0796327      0.1322282      0.0000000     -0.5046454
     13.0930931     -0.4996318    157.0796327      0.1322282      0.0000000     -0.4996318
     13.1131131     -0.4946678    157.0796327      0.1322282      0.0000000     -0.4946678
     13.1331331     -0.4897530    157.0796327      0.1322282      0.0000000     -0.4897530
     13.1531532     -0.4848869    157.0796327      0.1322282      0.0000000     -0.4848869
     13.1731732     -0.4800690    157.0796327      0.1322282      0.0000000     -0.4800690
     13.1931932     -0.4752989    157.0796327      0.1322282      0.0000000     -0.4752989
     13.2132132     -0.4705761    157.0796327      0.1322282      0.0000000     -0.4705761
     13.2332332     -0.4659001    157.0796327      0.1322282      0.0000000     -0.4659001
     13.2532533     -0.4612704    157.0796327      0.1322282      0.0000000     -0.4612704
     13.2732733     -0.4566867    157.0796327      0.1322282      0.0000000     -0.4566867
     13.2932933     -0.4521484    157.0796327      0.1322282      0.0000000     -0.4521484
     13.3133133     -0.4476551    157.0796327      0.1322282      0.0000000     -0.4476551
     13.3333333     -0.4432063    157.0796327      0.1322282      0.0000000     -0.4432063
     13.3533534     -0.4388017    157.0796327      0.1322282      0.0000000     -0.4388017
     13.3733734     -0.4344407    157.0796327      0.1322282      0.0000000     -0.4344407
     13.3933934     -0.4301230    157.0796327      0.1322282      0.0000000     -0.4301230
     13.4134134     -0.4258481    157.0796327      0.1322282      0.0000000     -0.4258481
     13.4334334     -0.4216156    157.0796327      0.1322282      0.0000000     -0.4216156
     13.4534535     -0.4174251    157.0796327      0.1322282      0.0000000     -0.4174251
     13.4734735     -0.4132761    157.0796327      0.1322282      0.0000000     -0.4132761
     13.4934935     -0.4091683    157.0796327      0.1322282      0.0000000     -0.4091683
     13.5135135     -0.4051012    157.0796327      0.1322282      0.0000000     -0.4051012
     13.5335335     -0.4010745    157.0796327      0.1322282      0.0000000     -0.4010745
     13.5535536     -0.3970878    157.0796327      0.1322282      0.0000000     -0.3970878
     13.5735736     -0.3931405    157.0796327      0.1322282      0.0000000     -0.3931405
     13.5935936     -0.3892325    157.0796327      0.1322282      0.0000000     -0.3892325
     13.6136136     -0.3853632    157.0796327      0.1322282      0.0000000     -0.3853632
     13.6336336     -0.3815323    157.0796327      0.1322282      0.0000000     -0.3815323
     13.6536537     -0.3777394    157.0796327      0.1322282      0.0000000     -0.3777394
     13.6736737     -0.3739842    157.0796327      0.1322282      0.0000000     -0.3739842
     13.6936937     -0.3702662    157.0796327      0.1322282      0.0000000     -0.3702662
     13.7137137     -0.3665851    157.0796327      0.1322282      0.0000000     -0.3665851
     13.7337337     -0.3629405    157.0796327      0.1322282      0.0000000     -0.3629405
     13.7537538     -0.3593321    157.0796327      0.1322282      0.0000000     -0.3593321
     13.7737738     -0.3557595    157.0796327      0.1322282      0.0000000     -0.3557595
     13.7937938     -0.3522224    157.0796327      0.1322282      0.0000000     -0.3522224
     13.8138138     -0.3487204    157.0796327      0.1322282      0.0000000     -0.3487204
     13.8338338     -0.3452531    157.0796327      0.1322282      0.0000000     -0.3452531
     13.8538539     -0.3418203    157.0796327      0.1322282      0.0000000     -0.3418203
     13.8738739     -0.3384215    157.0796327      0.1322282      0.0000000     -0.3384215
     13.8938939     -0.3350564    157.0796327      0.1322282      0.0000000     -0.3350564
     13.9139139     -0.3317248    157.0796327      0.1322282      0.0000000     -0.3317248
     13.9339339     -0.3284262    157.0796327      0.1322282      0.0000000     -0.3284262
     13.9539540     -0.3251604    157.0796327      0.1322282      0.0000000     -0.3251604
     13.9739740     -0.3219270    157.0796327      0.1322282      0.0000000     -0.3219270
     13.9939940     -0.3187258    157.0796327      0.1322282      0.0000000     -0.3187258
     14.0140140     -0.3155562    157.0796327      0.1322282      0.0000000     -0.3155562
     14.0340340     -0.3124182    157.0796327      0.1322282      0.0000000     -0.3124182
     14.0540541     -0.3093113    157.0796327      0.1322282      0.0000000     -0.3093113
     14.0740741     -0.3062353    157.0796327      0.1322282      0.0000000     -0.3062353
     14.0940941     -0.3031898    157.0796327      0.1322282      0.0000000     -0.3031898
     14.1141141     -0.3001746    157.0796327      0.1322282      0.0000000     -0.3001746
     14.1341341     -0.2971892    157.0796327      0.1322282      0.0000000     -0.2971892
     14.1541542     -0.2942336    157.0796327      0.1322282      0.0000000     -0.2942336
     14.1741742     -0.2913073    157.0796327      0.1322282      0.0000000     -0.2913073
     14.1941942     -0.2884100    157.0796327      0.1322282      0.0000000     -0.2884100
     14.2142142     -0.2855416    157.0796327      0.1322282      0.0000000     -0.2855416
     14.2342342     -0.2827016    157.0796327      0.1322282      0.0000000     -0.2827016
     14.2542543     -0.2798898    157.0796327      0.1322282      0.0000000     -0.2798898
     14.2742743     -0.2771059    157.0796327      0.1322282      0.0000000     -0.2771059
     14.2942943     -0.2743497    157.0796327      0.1322282      0.0000000     -0.2743497
     14.3143143     -0.2716209    157.0796327      0.1322282      0.0000000     -0.2716209
     14.3343343     -0.2689192    157.0796327      0.1322282      0.0000000     -0.2689192
     14.3543544     -0.2662443    157.0796327      0.1322282      0.0000000     -0.2662443
     14.3743744     -0.2635960    157.0796327      0.1322282      0.0000000     -0.2635960
     14.3943944     -0.2609740    157.0796327      0.1322282      0.0000000     -0.2609740
     14.4144144     -0.2583781    157.0796327      0.1322282      0.0000000     -0.2583781
     14.4344344     -0.2558079    157.0796327      0.1322282      0.0000000     -0.2558079
     14.4544545     -0.2532633    157.0796327      0.1322282      0.0000000     -0.2532633
     14.4744745     -0.2507439    157.0796327      0.1322282      0.0000000     -0.2507439
     14.4944945     -0.2482496    157.0796327      0.1322282      0.0000000     -0.2482496
     14.5145145     -0.2457801    157.0796327      0.1322282      0.0000000     -0.2457801
     14.5345345     -0.2433350    157.0796327      0.1322282      0.0000000     -0.2433350
     14.5545546     -0.2409143    157.0796327      0.1322282      0.0000000     -0.2409143
     14.5745746     -0.2385177    157.0796327      0.1322282      0.0000000     -0.2385177
     14.5945946     -0.2361448    157.0796327      0.1322282      0.0000000     -0.2361448
     14.6146146     -0.2337956    157.0796327      0.1322282      0.0000000     -0.2337956
     14.6346346     -0.2314697    157.0796327      0.1322282      0.0000000     -0.2314697
     14.6546547     -0.2291668    157.0796327      0.1322282      0.0000000     -0.2291668
     14.6746747     -0.2268869    157.0796327      0.1322282      0.0000000     -0.2268869
     14.6946947     -0.2246297    157.0796327      0.1322282      0.0000000     -0.2246297
     14.7147147     -0.2223948    157.0796327      0.1322282      0.0000000     -0.2223948
     14.7347347     -0.2201822    157.0796327      0.1322282      0.0000000     -0.2201822
     14.7547548     -0.2179916    157.0796327      0.1322282      0.0000000     -0.2179916
     14.7747748     -0.2158227    157.0796327      0.1322282      0.0000000     -0.2158227
     14.7947948     -0.2136754    157.0796327      0.1322282      0.0000000     -0.2136754
     14.8148148     -0.2115494    157.0796327      0.1322282      0.0000000     -0.2115494
     14.8348348     -0.2094446    157.0796327      0.1322282      0.0000000     -0.2094446
     14.8548549     -0.2073607    157.0796327      0.1322282      0.0000000     -0.2073607
     14.8748749     -0.2052975    157.0796327      0.1322282      0.0000000     -0.2052975
     14.8948949     -0.2032548    157.0796327      0.1322282      0.0000000     -0.2032548
     14.9149149     -0.2012324    157.0796327      0.1322282      0.0000000     -0.2012324
     14.9349349     -0.1992301    157.0796327      0.1322282      0.0000000     -0.1992301
     14.9549550     -0.1972477    157.0796327      0.1322282      0.0000000     -0.1972477
     14.9749750     -0.1952850    157.0796327      0.1322282      0.0000000     -0.1952850
     14.9949950     -0.1933418    157.0796327      0.1322282      0.0000000     -0.1933418
     15.0150150     -0.1914180    157.0796327      0.1322282      0.0000000     -0.1914180
     15.0350350     -0.1895133    157.0796327      0.1322282      0.0000000     -0.1895133
     15.0550551     -0.1876275    157.0796327      0.1322282      0.0000000     -0.1876275
     15.0750751     -0.1857604    157.0796327      0.1322282      0.0000000     -0.1857604
     15.0950951     -0.1839119    157.0796327      0.1322282      0.0000000     -0.1839119
     15.1151151     -0.1820818    157.0796327      0.1322282      0.0000000     -0.1820818
     15.1351351     -0.1802699    157.0796327      0.1322282      0.0000000     -0.1802699
     15.1551552     -0.1784760    157.0796327      0.1322282      0.0000000     -0.1784760
     15.1751752     -0.1767000    157.0796327      0.1322282      0.0000000     -0.1767000
     15.1951952     -0.1749416    157.0796327      0.1322282      0.0000000     -0.1749416
     15.2152152     -0.1732006    157.0796327      0.1322282      0.0000000     -0.1732006
     15.2352352     -0.1714770    157.0796327      0.1322282      0.0000000     -0.1714770
     15.2552553     -0.1697706    157.0796327      0.1322282      0.0000000     -0.1697706
     15.2752753     -0.1680811    157.0796327      0.1322282      0.0000000     -0.1680811
     15.2952953     -0.1664084    157.0796327      0.1322282      0.0000000     -0.1664084
     15.3153153     -0.1647523    157.0796327      0.1322282      0.0000000     -0.1647523
     15.3353353     -0.1631127    157.0796327      0.1322282      0.0000000     -0.1631127
     15.3553554     -0.1614894    157.0796327      0.1322282      0.0000000     -0.1614894
     15.3753754     -0.1598822    157.0796327      0.1322282      0.0000000     -0.1598822
     15.3953954     -0.1582910    157.0796327      0.1322282      0.0000000     -0.1582910
     15.4154154     -0.1567157    157.0796327      0.1322282      0.0000000     -0.1567157
     15.4354354     -0.1551560    157.0796327      0.1322282      0.0000000     -0.1551560
     15.4554555     -0.1536118    157.0796327      0.1322282      0.0000000     -0.1536118
     15.4754755     -0.1520830    157.0796327      0.1322282      0.0000000     -0.1520830
     15.4954955     -0.1505694    157.0796327      0.1322282      0.0000000     -0.1505694
     15.5155155     -0.1490708    157.0796327      0.1322282      0.0000000     -0.1490708
     15.5355355     -0.1475872    157.0796327      0.1322282      0.0000000     -0.1475872
     15.5555556     -0.1461183    157.0796327      0.1322282      0.0000000     -0.1461183
     15.5755756     -0.1446640    157.0796327      0.1322282      0.0000000     -0.1446640
     15.5955956     -0.1432241    157.0796327      0.1322282      0.0000000     -0.1432241
     15.6156156     -0.1417986    157.0796327      0.1322282      0.0000000     -0.1417986
     15.6356356     -0.1403873    157.0796327      0.1322282      0.0000000     -0.1403873
     15.6556557     -0.1389900    157.0796327      0.1322282      0.0000000     -0.1389900
     15.6756757     -0.1376066    157.0796327      0.1322282      0.0000000     -0.1376066
     15.6956957     -0.1362370    157.0796327      0.1322282      0.0000000     -0.1362370
     15.7157157     -0.1348809    157.0796327      0.1322282      0.0000000     -0.1348809
     15.7357357     -0.1335384    157.0796327      0.1322282      0.0000000     -0.1335384
     15.7557558     -0.1322092    157.0796327      0.1322282      0.0000000     -0.1322092
     15.7757758     -0.1308933    157.0796327      0.1322282      0.0000000     -0.1308933
     15.7957958     -0.1295904    157.0796327      0.1322282      0.0000000     -0.1295904
     15.8158158     -0.1283005    157.0796327      0.1322282      0.0000000     -0.1283005
     15.8358358     -0.1270235    157.0796327      0.1322282      0.0000000     -0.1270235
     15.8558559     -0.1257591    157.0796327      0.1322282      0.0000000     -0.1257591
     15.8758759     -0.1245073    157.0796327      0.1322282      0.0000000     -0.1245073
     15.8958959     -0.1232680    157.0796327      0.1322282      0.0000000     -0.1232680
     15.9159159     -0.1220410    157.0796327      0.1322282      0.0000000     -0.1220410
     15.9359359     -0.1208262    157.0796327      0.1322282      0.0000000     -0.1208262
     15.9559560     -0.1196234    157.0796327      0.1322282      0.0000000     -0.1196234
     15.9759760     -0.1184327    157.0796327      0.1322282      0.0000000     -0.1184327
     15.9959960     -0.1172538    157.0796327      0.1322282      0.0000000     -0.1172538
     16.0160160     -0.1160866    157.0796327      0.1322282      0.0000000     -0.1160866
     16.0360360     -0.1149310    157.0796327      0.1322282      0.0000000     -0.1149310
     16.0560561     -0.1137870    157.0796327      0.1322282      0.0000000     -0.1137870
     16.0760761     -0.1126543    157.0796327      0.1322282      0.0000000     -0.1126543
     16.0960961     -0.1115329    157.0796327      0.1322282      0.0000000     -0.1115329
     16.1161161     -0.1104226    157.0796327      0.1322282      0.0000000     -0.1104226
     16.1361361     -0.1093234    157.0796327      0.1322282      0.0000000     -0.1093234
     16.1561562     -0.1082351    157.0796327      0.1322282      0.0000000     -0.1082351
     16.1761762     -0.1071577    157.0796327      0.1322282      0.0000000     -0.1071577
     16.1961962     -0.1060909    157.0796327      0.1322282      0.0000000     -0.1060909
     16.2162162     -0.1050348    157.0796327      0.1322282      0.0000000     -0.1050348
     16.2362362     -0.1039892    157.0796327      0.1322282      0.0000000     -0.1039892
     16.2562563     -0.1029540    157.0796327      0.1322282      0.0000000     -0.1029540
     16.2762763     -0.1019291    157.0796327      0.1322282      0.0000000     -0.1019291
     16.2962963     -0.1009144    157.0796327      0.1322282      0.0000000     -0.1009144
     16.3163163     -0.0999098    157.0796327      0.1322282      0.0000000     -0.0999098
     16.3363363     -0.0989151    157.0796327      0.1322282      0.0000000     -0.0989151
     16.3563564     -0.0979304    157.0796327      0.1322282      0.0000000     -0.0979304
     16.3763764     -0.0969555    157.0796327      0.1322282      0.0000000     -0.0969555
     16.3963964     -0.0959903    157.0796327      0.1322282      0.0000000     -0.0959903
     16.4164164     -0.0950347    157.0796327      0.1322282      0.0000000     -0.0950347
     16.4364364     -0.0940886    157.0796327      0.1322282      0.0000000     -0.0940886
     16.4564565     -0.0931519    157.0796327      0.1322282      0.0000000     -0.0931519
     16.4764765     -0.0922245    157.0796327      0.1322282      0.0000000     -0.0922245
     16.4964965     -0.0913064    157.0796327      0.1322282      0.0000000     -0.0913064
     16.5165165     -0.0903973    157.0796327      0.1322282      0.0000000     -0.0903973
     16.5365365     -0.0894974    157.0796327      0.1322282      0.0000000     -0.0894974
     16.5565566     -0.0886064    157.0796327      0.1322282      0.0000000     -0.0886064
     16.5765766     -0.0877242    157.0796327      0.1322282      0.0000000     -0.0877242
     16.5965966     -0.0868509    157.0796327      0.1322282      0.0000000     -0.0868509
     16.6166166     -0.0859862    157.0796327      0.1322282      0.0000000     -0.0859862
     16.6366366     -0.0851301    157.0796327      0.1322282      0.0000000     -0.0851301
     16.6566567     -0.0842826    157.0796327      0.1322282      0.0000000     -0.0842826
     16.6766767     -0.0834435    157.0796327      0.1322282      0.0000000     -0.0834435
     16.6966967     -0.0826127    157.0796327      0.1322282      0.0000000     -0.0826127
     16.7167167     -0.0817902    157.0796327      0.1322282      0.0000000     -0.0817902
     16.7367367     -0.0809759    157.0796327      0.1322282      0.0000000     -0.0809759
     16.7567568     -0.0801697    157.0796327      0.1322282      0.0000000     -0.0801697
     16.7767768     -0.0793715    157.0796327      0.1322282      0.0000000     -0.0793715
     16.7967968     -0.0785813    157.0796327      0.1322282      0.0000000     -0.0785813
     16.8168168     -0.0777989    157.0796327      0.1322282      0.0000000     -0.0777989
     16.8368368     -0.0770244    157.0796327      0.1322282      0.0000000     -0.0770244
     16.8568569     -0.0762575    157.0796327      0.1322282      0.0000000     -0.0762575
     16.8768769     -0.0754982    157.0796327      0.1322282      0.0000000     -0.0754982
     16.8968969     -0.0747466    157.0796327      0.1322282      0.0000000     -0.0747466
     16.9169169     -0.0740023    157.0796327      0.1322282      0.0000000     -0.0740023
     16.9369369     -0.0732655    157.0796327      0.1322282      0.0000000     -0.0732655
     16.9569570     -0.0725361    157.0796327      0.1322282      0.0000000     -0.0725361
     16.9769770     -0.0718139    157.0796327      0.1322282      0.0000000     -0.0718139
     16.9969970     -0.0710989    157.0796327      0.1322282      0.0000000     -0.0710989
     17.0170170     -0.0703910    157.0796327      0.1322282      0.0000000     -0.0703910
     17.0370370     -0.0696901    157.0796327      0.1322282      0.0000000     -0.0696901
     17.0570571     -0.0689962    157.0796327      0.1322282      0.0000000     -0.0689962
     17.0770771     -0.0683093    157.0796327      0.1322282      0.0000000     -0.0683093
     17.0970971     -0.0676291    157.0796327      0.1322282      0.0000000     -0.0676291
     17.1171171     -0.0669558    157.0796327      0.1322282      0.0000000     -0.0669558
     17.1371371     -0.0662891    157.0796327      0.1322282      0.0000000     -0.0662891
     17.1571572     -0.0656291    157.0796327      0.1322282      0.0000000     -0.0656291
     17.1771772     -0.0649756    157.0796327      0.1322282      0.0000000     -0.0649756
     17.1971972     -0.0643286    157.0796327      0.1322282      0.0000000     -0.0643286
     17.2172172     -0.0636881    157.0796327      0.1322282      0.0000000     -0.0636881
     17.2372372     -0.0630540    157.0796327      0.1322282      0.0000000     -0.0630540
     17.2572573     -0.0624262    157.0796327      0.1322282      0.0000000     -0.0624262
     17.2772773     -0.0618046    157.0796327      0.1322282      0.0000000     -0.0618046
     17.2972973     -0.0611892    157.0796327      0.1322282      0.0000000     -0.0611892
     17.3173173     -0.0605799    157.0796327      0.1322282      0.0000000     -0.0605799
     17.3373373     -0.0599767    157.0796327      0.1322282      0.0000000     -0.0599767
     17.3573574     -0.0593795    157.0796327      0.1322282      0.0000000     -0.0593795
     17.3773774     -0.0587883    157.0796327      0.1322282      0.0000000     -0.0587883
     17.3973974     -0.0582029    157.0796327      0.1322282      0.0000000     -0.0582029
     17.4174174     -0.0576234    157.0796327      0.1322282      0.0000000     -0.0576234
     17.4374374     -0.0570496    157.0796327      0.1322282      0.0000000     -0.0570496
     17.4574575     -0.0564816    157.0796327      0.1322282      0.0000000     -0.0564816
     17.4774775     -0.0559192    157.0796327      0.1322282      0.0000000     -0.0559192
     17.4974975     -0.0553624    157.0796327      0.1322282      0.0000000     -0.0553624
     17.5175175     -0.0548111    157.0796327      0.1322282      0.0000000     -0.0548111
     17.5375375     -0.0542653    157.0796327      0.1322282      0.0000000     -0.0542653
     17.5575576     -0.0537250    157.0796327      0.1322282      0.0000000     -0.0537250
     17.5775776     -0.0531900    157.0796327      0.1322282      0.0000000     -0.0531900
     17.5975976     -0.0526604    157.0796327      0.1322282      0.0000000     -0.0526604
     17.6176176     -0.0521360    157.0796327      0.1322282      0.0000000     -0.0521360
     17.6376376     -0.0516169    157.0796327      0.1322282      0.0000000     -0.0516169
     17.6576577     -0.0511029    157.0796327      0.1322282      0.0000000     -0.0511029
     17.6776777     -0.0505940    157.0796327      0.1322282      0.0000000     -0.0505940
     17.6976977     -0.0500902    157.0796327      0.1322282      0.0000000     -0.0500902
     17.7177177     -0.0495915    157.0796327      0.1322282      0.0000000     -0.0495915
     17.7377377     -0.0490976    157.0796327      0.1322282      0.0000000     -0.0490976
     17.7577578     -0.0486087    157.0796327      0.1322282      0.0000000     -0.0486087
     17.7777778     -0.0481247    157.0796327      0.1322282      0.0000000     -0.0481247
     17.7977978     -0.0476455    157.0796327      0.1322282      0.0000000     -0.0476455
     17.8178178     -0.0471711    157.0796327      0.1322282      0.0000000     -0.0471711
     17.8378378     -0.0467013    157.0796327      0.1322282      0.0000000     -0.0467013
     17.8578579     -0.0462363    157.0796327      0.1322282      0.0000000     -0.0462363
     17.8778779     -0.0457759    157.0796327      0.1322282      0.0000000     -0.0457759
     17.8978979     -0.0453201    157.0796327      0.1322282      0.0000000     -0.0453201
     17.9179179     -0.0448688    157.0796327      0.1322282      0.0000000     -0.0448688
     17.9379379     -0.0444220    157.0796327      0.1322282      0.0000000     -0.0444220
     17.9579580     -0.0439796    157.0796327      0.1322282      0.0000000     -0.0439796
     17.9779780     -0.0435417    157.0796327      0.1322282      0.0000000     -0.0435417
     17.9979980     -0.0431081    157.0796327      0.1322282      0.0000000     -0.0431081
     18.0180180     -0.0426788    157.0796327      0.1322282      0.0000000     -0.0426788
     18.0380380     -0.0422538    157.0796327      0.1322282      0.0000000     -0.0422538
     18.0580581     -0.0418331    157.0796327      0.1322282      0.0000000     -0.0418331
     18.0780781     -0.0414165    157.0796327      0.1322282      0.0000000     -0.0414165
     18.0980981     -0.0410041    157.0796327      0.1322282      0.0000000     -0.0410041
     18.1181181     -0.0405957    157.0796327      0.1322282      0.0000000     -0.0405957
     18.1381381     -0.0401915    157.0796327      0.1322282      0.0000000     -0.0401915
     18.1581582     -0.0397913    157.0796327      0.1322282      0.0000000     -0.0397913
     18.1781782     -0.0393950    157.0796327      0.1322282      0.0000000     -0.0393950
     18.1981982     -0.0390027    157.0796327      0.1322282      0.0000000     -0.0390027
     18.2182182     -0.0386143    157.0796327      0.1322282      0.0000000     -0.0386143
     18.2382382     -0.0382298    157.0796327      0.1322282      0.0000000     -0.0382298
     18.2582583     -0.0378491    157.0796327      0.1322282      0.0000000     -0.0378491
     18.2782783     -0.0374722    157.0796327      0.1322282      0.0000000     -0.0374722
     18.2982983     -0.0370990    157.0796327      0.1322282      0.0000000     -0.0370990
     18.3183183     -0.0367296    157.0796327      0.1322282      0.0000000     -0.0367296
     18.3383383     -0.0363638    157.0796327      0.1322282      0.0000000     -0.0363638
     18.3583584     -0.0360017    157.0796327      0.1322282      0.0000000     -0.0360017
     18.3783784     -0.0356432    157.0796327      0.1322282      0.0000000     -0.0356432
     18.3983984     -0.0352882    157.0796327      0.1322282      0.0000000     -0.0352882
     18.4184184     -0.0349368    157.0796327      0.1322282      0.0000000     -0.0349368
     18.4384384     -0.0345889    157.0796327      0.1322282      0.0000000     -0.0345889
     18.4584585     -0.0342445    157.0796327      0.1322282      0.0000000     -0.0342445
     18.4784785     -0.0339034    157.0796327      0.1322282      0.0000000     -0.0339034
     18.4984985     -0.0335658    157.0796327      0.1322282      0.0000000     -0.0335658
     18.5185185     -0.0332316    157.0796327      0.1322282      0.0000000     -0.0332316
     18.5385385     -0.0329006    157.0796327      0.1322282      0.0000000     -0.0329006
     18.5585586     -0.0325730    157.0796327      0.1322282      0.0000000     -0.0325730
     18.5785786     -0.0322486    157.0796327      0.1322282      0.0000000     -0.0322486
     18.5985986     -0.0319275    157.0796327      0.1322282      0.0000000     -0.0319275
     18.6186186     -0.0316095    157.0796327      0.1322282      0.0000000     -0.0316095
     18.6386386     -0.0312947    157.0796327      0.1322282      0.0000000     -0.0312947
     18.6586587     -0.0309831    157.0796327      0.1322282      0.0000000     -0.0309831
     18.6786787     -0.0306745    157.0796327      0.1322282      0.0000000     -0.0306745
     18.6986987     -0.0303691    157.0796327      0.1322282      0.0000000     -0.0303691
     18.7187187     -0.0300666    157.0796327      0.1322282      0.0000000     -0.0300666
     18.7387387     -0.0297672    157.0796327      0.1322282      0.0000000     -0.0297672
     18.7587588     -0.0294708    157.0796327      0.1322282      0.0000000     -0.0294708
     18.7787788     -0.0291773    157.0796327      0.1322282      0.0000000     -0.0291773
     18.7987988     -0.0288867    157.0796327      0.1322282      0.0000000     -0.0288867
     18.8188188     -0.0285990    157.0796327      0.1322282      0.0000000     -0.0285990
     18.8388388     -0.0283142    157.0796327      0.1322282      0.0000000     -0.0283142
     18.8588589     -0.0280323    157.0796327      0.1322282      0.0000000     -0.0280323
     18.8788789     -0.0277531    157.0796327      0.1322282      0.0000000     -0.0277531
     18.8988989     -0.0274767    157.0796327      0.1322282      0.0000000     -0.0274767
     18.9189189     -0.0272031    157.0796327      0.1322282      0.0000000     -0.0272031
     18.9389389     -0.0269322    157.0796327      0.1322282      0.0000000     -0.0269322
     18.9589590     -0.0266640    157.0796327      0.1322282      0.0000000     -0.0266640
     18.9789790     -0.0263984    157.0796327      0.1322282      0.0000000     -0.0263984
     18.9989990     -0.0261355    157.0796327      0.1322282      0.0000000     -0.0261355
     19.0190190     -0.0258752    157.0796327      0.1322282      0.0000000     -0.0258752
     19.0390390     -0.0256176    157.0796327      0.1322282      0.0000000     -0.0256176
     19.0590591     -0.0253624    157.0796327      0.1322282      0.0000000     -0.0253624
     19.0790791     -0.0251099    157.0796327      0.1322282      0.0000000     -0.0251099
     19.0990991     -0.0248598    157.0796327      0.1322282      0.0000000     -0.0248598
     19.1191191     -0.0246122    157.0796327      0.1322282      0.0000000     -0.0246122
     19.1391391     -0.0243671    157.0796327      0.1322282      0.0000000     -0.0243671
     19.1591592     -0.0241244    157.0796327      0.1322282      0.0000000     -0.0241244
     19.1791792     -0.0238842    157.0796327      0.1322282      0.0000000     -0.0238842
     19.1991992     -0.0236463    157.0796327      0.1322282      0.0000000     -0.0236463
     19.2192192     -0.0234108    157.0796327      0.1322282      0.0000000     -0.0234108
     19.2392392     -0.0231777    157.0796327      0.1322282      0.0000000     -0.0231777
     19.2592593     -0.0229469    157.0796327      0.1322282      0.0000000     -0.0229469
     19.2792793     -0.0227183    157.0796327      0.1322282      0.0000000     -0.0227183
     19.2992993     -0.0224921    157.0796327      0.1322282      0.0000000     -0.0224921
     19.3193193     -0.0222681    157.0796327      0.1322282      0.0000000     -0.0222681
     19.3393393     -0.0220463    157.0796327      0.1322282      0.0000000     -0.0220463
     19.3593594     -0.0218268    157.0796327      0.1322282      0.0000000     -0.0218268
     19.3793794     -0.0216094    157.0796327      0.1322282      0.0000000     -0.0216094
     19.3993994     -0.0213942    157.0796327      0.1322282      0.0000000     -0.0213942
     19.4194194     -0.0211811    157.0796327      0.1322282      0.0000000     -0.0211811
     19.4394394     -0.0209702    157.0796327      0.1322282      0.0000000     -0.0209702
     19.4594595     -0.0207613    157.0796327      0.1322282      0.0000000     -0.0207613
     19.4794795     -0.0205546    157.0796327      0.1322282      0.0000000     -0.0205546
     19.4994995     -0.0203499    157.0796327      0.1322282      0.0000000     -0.0203499
     19.5195195     -0.0201472    157.0796327      0.1322282      0.0000000     -0.0201472
     19.5395395     -0.0199465    157.0796327      0.1322282      0.0000000     -0.0199465
     19.5595596     -0.0197479    157.0796327      0.1322282      0.0000000     -0.0197479
     19.5795796     -0.0195512    157.0796327      0.1322282      0.0000000     -0.0195512
     19.5995996     -0.0193565    157.0796327      0.1322282      0.0000000     -0.0193565
     19.6196196     -0.0191637    157.0796327      0.1322282      0.0000000     -0.0191637
     19.6396396     -0.0189729    157.0796327      0.1322282      0.0000000     -0.0189729
     19.6596597     -0.0187839    157.0796327      0.1322282      0.0000000     -0.0187839
     19.6796797     -0.0185969    157.0796327      0.1322282      0.0000000     -0.0185969
     19.6996997     -0.0184116    157.0796327      0.1322282      0.0000000     -0.0184116
     19.7197197     -0.0182283    157.0796327      0.1322282      0.0000000     -0.0182283
     19.7397397     -0.0180467    157.0796327      0.1322282      0.0000000     -0.0180467
     19.7597598     -0.0178670    157.0796327      0.1322282      0.0000000     -0.0178670
     19.7797798     -0.0176891    157.0796327      0.1322282      0.0000000     -0.0176891
     19.7997998     -0.0175129    157.0796327      0.1322282      0.0000000     -0.0175129
     19.8198198     -0.0173385    157.0796327      0.1322282      0.0000000     -0.0173385
     19.8398398     -0.0171658    157.0796327      0.1322282      0.0000000     -0.0171658
     19.8598599     -0.0169949    157.0796327      0.1322282      0.0000000     -0.0169949
     19.8798799     -0.0168256    157.0796327      0.1322282      0.0000000     -0.0168256
     19.8998999     -0.0166580    157.0796327      0.1322282      0.0000000     -0.0166580
     19.9199199     -0.0164921    157.0796327      0.1322282      0.0000000     -0.0164921
     19.9399399     -0.0163279    157.0796327      0.1322282      0.0000000     -0.0163279
     19.9599600     -0.0161653    157.0796327      0.1322282      0.0000000     -0.0161653
     19.9799800     -0.0160043    157.0796327      0.1322282      0.0000000     -0.0160043
     20.0000000     -0.0158449    157.0796327      0.1322282      0.0000000     -0.0158449
