           1   13.0916158782409            57000
           2   11.7002645275454            53000
           3   10.8842385366647            50000
           4   10.3037391639906            49000
           5   9.85227669415574            47000
           6   9.48241736858769            46000
           7   9.16885822710342            45000
           8   8.89649534459535            44000
           9   8.65558609370670            43000
          10   8.43947801145818            43000
          11   8.24342591747916            42000
          12   8.06392590963751            42000
          13   7.89831685992517            41000
          14   7.74453001374817            42000
          15   7.60092518731898            43000
          16   7.46617993769313            47000
          17   7.33921239106508            54000
