      0.0000000      260.0904022890
      0.0200200      251.4933803734
      0.0400400      243.1010400229
      0.0600601      234.9089828186
      0.0800801      226.9129009235
      0.1001001      219.1085752527
      0.1201201      211.4918736808
      0.1401401      204.0587492853
      0.1601602      196.8052386249
      0.1801802      189.7274600520
      0.2002002      182.8216120595
      0.2202202      176.0839716603
      0.2402402      169.5108927996
      0.2602603      163.0988047985
      0.2802803      156.8442108292
      0.3003003      150.7436864204
      0.3203203      144.7938779932
      0.3403403      138.9915014252
      0.3603604      133.3333406446
      0.3803804      127.8162462518
      0.4004004      122.4371341689
      0.4204204      117.1929843157
      0.4404404      112.0808393129
      0.4604605      107.0978032111
      0.4804805      102.2410402451
      0.5005005       97.5077736131
      0.5205205       92.8952842808
      0.5405405       88.4009098092
      0.5605606       84.0220432056
      0.5805806       79.7561317985
      0.6006006       75.6006761339
      0.6206206       71.5532288949
      0.6406406       67.6113938423
      0.6606607       63.7728247762
      0.6806807       60.0352245197
      0.7007007       56.3963439211
      0.7207207       52.8539808779
      0.7407407       49.4059793794
      0.7607608       46.0502285689
      0.7807808       42.7846618242
      0.8008008       39.6072558577
      0.8208208       36.5160298329
      0.8408408       33.5090445005
      0.8608609       30.5844013503
      0.8808809       27.7402417813
      0.9009009       24.9747462875
      0.9209209       22.2861336607
      0.9409409       19.6726602094
      0.9609610       17.1326189928
      0.9809810       14.6643390706
      1.0010010       12.2661847683
      1.0210210        9.9365549561
      1.0410410        7.6738823436
      1.0610611        5.4766327881
      1.0810811        3.3433046163
      1.1011011        1.2724279609
      1.1211211       -0.7374358906
      1.1411411       -2.6876951335
      1.1611612       -4.5797280706
      1.1811812       -6.4148837244
      1.2012012       -8.1944824370
      1.2212212       -9.9198164582
      1.2412412      -11.5921505210
      1.2612613      -13.2127224063
      1.2812813      -14.7827434957
      1.3013013      -16.3033993136
      1.3213213      -17.7758500575
      1.3413413      -19.2012311191
      1.3613614      -20.5806535932
      1.3813814      -21.9152047777
      1.4014014      -23.2059486625
      1.4214214      -24.4539264093
      1.4414414      -25.6601568214
      1.4614615      -26.8256368036
      1.4814815      -27.9513418139
      1.5015015      -29.0382263048
      1.5215215      -30.0872241566
      1.5415415      -31.0992491015
      1.5615616      -32.0751951394
      1.5815816      -33.0159369451
      1.6016016      -33.9223302672
      1.6216216      -34.7952123194
      1.6416416      -35.6354021632
      1.6616617      -36.4437010832
      1.6816817      -37.2208929552
      1.7017017      -37.9677446062
      1.7217217      -38.6850061672
      1.7417417      -39.3734114193
      1.7617618      -40.0336781328
      1.7817818      -40.6665083983
      1.8018018      -41.2725889528
      1.8218218      -41.8525914981
      1.8418418      -42.4071730126
      1.8618619      -42.9369760577
      1.8818819      -43.4426290772
      1.9019019      -43.9247466908
      1.9219219      -44.3839299822
      1.9419419      -44.8207667800
      1.9619620      -45.2358319348
      1.9819820      -45.6296875889
      2.0020020      -46.0028834415
      2.0220220      -46.3559570085
      2.0420420      -46.6894338766
      2.0620621      -47.0038279525
      2.0820821      -47.2996417069
      2.1021021      -47.5773664137
      2.1221221      -47.8374823843
      2.1421421      -48.0804591972
      2.1621622      -48.3067559223
      2.1821822      -48.5168213418
      2.2022022      -48.7110941655
      2.2222222      -48.8900032424
      2.2422422      -49.0539677677
      2.2622623      -49.2033974856
      2.2822823      -49.3386928879
      2.3023023      -49.4602454090
      2.3223223      -49.5684376162
      2.3423423      -49.6636433967
      2.3623624      -49.7462281405
      2.3823824      -49.8165489196
      2.4024024      -49.8749546639
      2.4224224      -49.9217863326
      2.4424424      -49.9573770834
      2.4624625      -49.9820524367
      2.4824825      -49.9961304382
      2.5025025      -49.9999218164
      2.5225225      -49.9937301383
      2.5425425      -49.9778519612
      2.5625626      -49.9525769811
      2.5825826      -49.9181881793
      2.6026026      -49.8749619644
      2.6226226      -49.8231683126
      2.6426426      -49.7630709047
      2.6626627      -49.6949272600
      2.6826827      -49.6189888680
      2.7027027      -49.5355013172
      2.7227227      -49.4447044208
      2.7427427      -49.3468323406
      2.7627628      -49.2421137078
      2.7827828      -49.1307717415
      2.8028028      -49.0130243647
      2.8228228      -48.8890843181
      2.8428428      -48.7591592712
      2.8628629      -48.6234519315
      2.8828829      -48.4821601512
      2.9029029      -48.3354770316
      2.9229229      -48.1835910261
      2.9429429      -48.0266860398
      2.9629630      -47.8649415282
      2.9829830      -47.6985325931
      3.0030030      -47.5276300773
      3.0230230      -47.3524006563
      3.0430430      -47.1730069291
      3.0630631      -46.9896075065
      3.0830831      -46.8023570977
      3.1031031      -46.6114065954
      3.1231231      -46.4169031590
      3.1431431      -46.2189902955
      3.1631632      -46.0178079396
      3.1831832      -45.8134925318
      3.2032032      -45.6061770947
      3.2232232      -45.3959913078
      3.2432432      -45.1830615809
      3.2632633      -44.9675111258
      3.2832833      -44.7494600267
      3.3033033      -44.5290253089
      3.3233233      -44.3063210064
      3.3433433      -44.0814582274
      3.3633634      -43.8545452196
      3.3833834      -43.6256874327
      3.4034034      -43.3949875812
      3.4234234      -43.1625457042
      3.4434434      -42.9284592255
      3.4634635      -42.6928230111
      3.4834835      -42.4557294268
      3.5035035      -42.2172683934
      3.5235235      -41.9775274415
      3.5435435      -41.7365917649
      3.5635636      -41.4945442730
      3.5835836      -41.2514656419
      3.6036036      -41.0074343645
      3.6236236      -40.7625267998
      3.6436436      -40.5168172207
      3.6636637      -40.2703778612
      3.6836837      -40.0232789625
      3.7037037      -39.7755888179
      3.7237237      -39.5273738172
      3.7437437      -39.2786984896
      3.7637638      -39.0296255464
      3.7837838      -38.7802159219
      3.8038038      -38.5305288144
      3.8238238      -38.2806217256
      3.8438438      -38.0305504996
      3.8638639      -37.7803693607
      3.8838839      -37.5301309508
      3.9039039      -37.2798863660
      3.9239239      -37.0296851916
      3.9439439      -36.7795755376
      3.9639640      -36.5296040729
      3.9839840      -36.2798160581
      4.0040040      -36.0302553788
      4.0240240      -35.7809645775
      4.0440440      -35.5319848847
      4.0640641      -35.2833562498
      4.0840841      -35.0351173711
      4.1041041      -34.7873057250
      4.1241241      -34.5399575951
      4.1441441      -34.2931080997
      4.1641642      -34.0467912202
      4.1841842      -33.8010398272
      4.2042042      -33.5558857074
      4.2242242      -33.3113595891
      4.2442442      -33.0674911678
      4.2642643      -32.8243091305
      4.2842843      -32.5818411799
      4.3043043      -32.3401140584
      4.3243243      -32.0991535709
      4.3443443      -31.8589846076
      4.3643644      -31.6196311661
      4.3843844      -31.3811163731
      4.4044044      -31.1434625054
      4.4244244      -30.9066910109
      4.4444444      -30.6708225289
      4.4644645      -30.4358769098
      4.4844845      -30.2018732344
      4.5045045      -29.9688298332
      4.5245245      -29.7367643049
      4.5445445      -29.5056935344
      4.5645646      -29.2756337108
      4.5845846      -29.0466003445
      4.6046046      -28.8186082847
      4.6246246      -28.5916717355
      4.6446446      -28.3658042725
      4.6646647      -28.1410188586
      4.6846847      -27.9173278596
      4.7047047      -27.6947430594
      4.7247247      -27.4732756751
      4.7447447      -27.2529363710
      4.7647648      -27.0337352735
      4.7847848      -26.8156819846
      4.8048048      -26.5987855956
      4.8248248      -26.3830547007
      4.8448448      -26.1684974094
      4.8648649      -25.9551213598
      4.8848849      -25.7429337309
      4.9049049      -25.5319412546
      4.9249249      -25.3221502277
      4.9449449      -25.1135665236
      4.9649650      -24.9061956035
      4.9849850      -24.7000425277
      5.0050050      -24.4951119662
      5.0250250      -24.2914082098
      5.0450450      -24.0889351800
      5.0650651      -23.8876964393
      5.0850851      -23.6876952010
      5.1051051      -23.4889343395
      5.1251251      -23.2914163987
      5.1451451      -23.0951436023
      5.1651652      -22.9001178622
      5.1851852      -22.7063407876
      5.2052052      -22.5138136937
      5.2252252      -22.3225376098
      5.2452452      -22.1325132878
      5.2652653      -21.9437412105
      5.2852853      -21.7562215990
      5.3053053      -21.5699544205
      5.3253253      -21.3849393962
      5.3453453      -21.2011760080
      5.3653654      -21.0186635064
      5.3853854      -20.8374009169
      5.4054054      -20.6573870470
      5.4254254      -20.4786204932
      5.4454454      -20.3010996472
      5.4654655      -20.1248227021
      5.4854855      -19.9497876594
      5.5055055      -19.7759923340
      5.5255255      -19.6034343610
      5.5455455      -19.4321112012
      5.5655656      -19.2620201466
      5.5855856      -19.0931583262
      5.6056056      -18.9255227112
      5.6256256      -18.7591101204
      5.6456456      -18.5939172250
      5.6656657      -18.4299405543
      5.6856857      -18.2671764999
      5.7057057      -18.1056213208
      5.7257257      -17.9452711480
      5.7457457      -17.7861219892
      5.7657658      -17.6281697329
      5.7857858      -17.4714101531
      5.8058058      -17.3158389133
      5.8258258      -17.1614515708
      5.8458458      -17.0082435804
      5.8658659      -16.8562102987
      5.8858859      -16.7053469878
      5.9059059      -16.5556488187
      5.9259259      -16.4071108755
      5.9459459      -16.2597281588
      5.9659660      -16.1134955887
      5.9859860      -15.9684080086
      6.0060060      -15.8244601887
      6.0260260      -15.6816468286
      6.0460460      -15.5399625608
      6.0660661      -15.3994019538
      6.0860861      -15.2599595148
      6.1061061      -15.1216296929
      6.1261261      -14.9844068817
      6.1461461      -14.8482854220
      6.1661662      -14.7132596048
      6.1861862      -14.5793236736
      6.2062062      -14.4464718270
      6.2262262      -14.3146982211
      6.2462462      -14.1839969724
      6.2662663      -14.0543621594
      6.2862863      -13.9257878253
      6.3063063      -13.7982679802
      6.3263263      -13.6717966034
      6.3463463      -13.5463676450
      6.3663664      -13.4219750286
      6.3863864      -13.2986126527
      6.4064064      -13.1762743931
      6.4264264      -13.0549541046
      6.4464464      -12.9346456228
      6.4664665      -12.8153427657
      6.4864865      -12.6970393360
      6.5065065      -12.5797291222
      6.5265265      -12.4634059006
      6.5465465      -12.3480634368
      6.5665666      -12.2336954870
      6.5865866      -12.1202957999
      6.6066066      -12.0078581181
      6.6266266      -11.8963761790
      6.6466466      -11.7858437171
      6.6666667      -11.6762544645
      6.6866867      -11.5676021524
      6.7067067      -11.4598805129
      6.7267267      -11.3530832794
      6.7467467      -11.2472041883
      6.7667668      -11.1422369803
      6.7867868      -11.0381754009
      6.8068068      -10.9350132020
      6.8268268      -10.8327441428
      6.8468468      -10.7313619907
      6.8668669      -10.6308605226
      6.8868869      -10.5312335254
      6.9069069      -10.4324747974
      6.9269269      -10.3345781487
      6.9469469      -10.2375374024
      6.9669670      -10.1413463957
      6.9869870      -10.0459989798
      7.0070070       -9.9514890217
      7.0270270       -9.8578104044
      7.0470470       -9.7649570276
      7.0670671       -9.6729228087
      7.0870871       -9.5817016832
      7.1071071       -9.4912876057
      7.1271271       -9.4016745502
      7.1471471       -9.3128565107
      7.1671672       -9.2248275021
      7.1871872       -9.1375815605
      7.2072072       -9.0511127441
      7.2272272       -8.9654151330
      7.2472472       -8.8804828305
      7.2672673       -8.7963099633
      7.2872873       -8.7128906817
      7.3073073       -8.6302191604
      7.3273273       -8.5482895989
      7.3473473       -8.4670962217
      7.3673674       -8.3866332788
      7.3873874       -8.3068950462
      7.4074074       -8.2278758262
      7.4274274       -8.1495699475
      7.4474474       -8.0719717661
      7.4674675       -7.9950756649
      7.4874875       -7.9188760545
      7.5075075       -7.8433673735
      7.5275275       -7.7685440884
      7.5475475       -7.6944006942
      7.5675676       -7.6209317146
      7.5875876       -7.5481317020
      7.6076076       -7.4759952381
      7.6276276       -7.4045169337
      7.6476476       -7.3336914292
      7.6676677       -7.2635133947
      7.6876877       -7.1939775301
      7.7077077       -7.1250785653
      7.7277277       -7.0568112605
      7.7477477       -6.9891704060
      7.7677678       -6.9221508228
      7.7877878       -6.8557473623
      7.8078078       -6.7899549066
      7.8278278       -6.7247683685
      7.8478478       -6.6601826920
      7.8678679       -6.5961928517
      7.8878879       -6.5327938533
      7.9079079       -6.4699807339
      7.9279279       -6.4077485613
      7.9479479       -6.3460924349
      7.9679680       -6.2850074852
      7.9879880       -6.2244888740
      8.0080080       -6.1645317944
      8.0280280       -6.1051314709
      8.0480480       -6.0462831594
      8.0680681       -5.9879821470
      8.0880881       -5.9302237525
      8.1081081       -5.8730033257
      8.1281281       -5.8163162479
      8.1481481       -5.7601579319
      8.1681682       -5.7045238216
      8.1881882       -5.6494093924
      8.2082082       -5.5948101507
      8.2282282       -5.5407216344
      8.2482482       -5.4871394123
      8.2682683       -5.4340590847
      8.2882883       -5.3814762827
      8.3083083       -5.3293866684
      8.3283283       -5.2777859350
      8.3483483       -5.2266698066
      8.3683684       -5.1760340382
      8.3883884       -5.1258744152
      8.4084084       -5.0761867541
      8.4284284       -5.0269669017
      8.4484484       -4.9782107355
      8.4684685       -4.9299141634
      8.4884885       -4.8820731234
      8.5085085       -4.8346835841
      8.5285285       -4.7877415439
      8.5485485       -4.7412430314
      8.5685686       -4.6951841051
      8.5885886       -4.6495608533
      8.6086086       -4.6043693941
      8.6286286       -4.5596058751
      8.6486486       -4.5152664735
      8.6686687       -4.4713473956
      8.6886887       -4.4278448773
      8.7087087       -4.3847551834
      8.7287287       -4.3420746077
      8.7487487       -4.2997994730
      8.7687688       -4.2579261307
      8.7887888       -4.2164509610
      8.8088088       -4.1753703723
      8.8288288       -4.1346808017
      8.8488488       -4.0943787143
      8.8688689       -4.0544606032
      8.8888889       -4.0149229897
      8.9089089       -3.9757624226
      8.9289289       -3.9369754787
      8.9489489       -3.8985587619
      8.9689690       -3.8605089039
      8.9889890       -3.8228225634
      9.0090090       -3.7854964261
      9.0290290       -3.7485272048
      9.0490490       -3.7119116391
      9.0690691       -3.6756464951
      9.0890891       -3.6397285655
      9.1091091       -3.6041546692
      9.1291291       -3.5689216515
      9.1491491       -3.5340263836
      9.1691692       -3.4994657626
      9.1891892       -3.4652367113
      9.2092092       -3.4313361781
      9.2292292       -3.3977611369
      9.2492492       -3.3645085867
      9.2692693       -3.3315755518
      9.2892893       -3.2989590813
      9.3093093       -3.2666562492
      9.3293293       -3.2346641541
      9.3493493       -3.2029799191
      9.3693694       -3.1716006916
      9.3893894       -3.1405236433
      9.4094094       -3.1097459697
      9.4294294       -3.0792648904
      9.4494494       -3.0490776486
      9.4694695       -3.0191815109
      9.4894895       -2.9895737675
      9.5095095       -2.9602517318
      9.5295295       -2.9312127402
      9.5495495       -2.9024541521
      9.5695696       -2.8739733496
      9.5895896       -2.8457677374
      9.6096096       -2.8178347427
      9.6296296       -2.7901718149
      9.6496496       -2.7627764258
      9.6696697       -2.7356460688
      9.6896897       -2.7087782594
      9.7097097       -2.6821705347
      9.7297297       -2.6558204532
      9.7497497       -2.6297255950
      9.7697698       -2.6038835613
      9.7897898       -2.5782919742
      9.8098098       -2.5529484768
      9.8298298       -2.5278507332
      9.8498498       -2.5029964276
      9.8698699       -2.4783832651
      9.8898899       -2.4540089709
      9.9099099       -2.4298712902
      9.9299299       -2.4059679885
      9.9499499       -2.3822968508
      9.9699700       -2.3588556821
      9.9899900       -2.3356423068
     10.0100100       -2.3126545686
     10.0300300       -2.2898903307
     10.0500501       -2.2673474750
     10.0700701       -2.2450239027
     10.0900901       -2.2229175337
     10.1101101       -2.2010263066
     10.1301301       -2.1793481783
     10.1501502       -2.1578811244
     10.1701702       -2.1366231384
     10.1901902       -2.1155722320
     10.2102102       -2.0947264351
     10.2302302       -2.0740837949
     10.2502503       -2.0536423767
     10.2702703       -2.0334002630
     10.2902903       -2.0133555539
     10.3103103       -1.9935063667
     10.3303303       -1.9738508356
     10.3503504       -1.9543871121
     10.3703704       -1.9351133642
     10.3903904       -1.9160277767
     10.4104104       -1.8971285510
     10.4304304       -1.8784139050
     10.4504505       -1.8598820727
     10.4704705       -1.8415313043
     10.4904905       -1.8233598661
     10.5105105       -1.8053660402
     10.5305305       -1.7875481246
     10.5505506       -1.7699044327
     10.5705706       -1.7524332935
     10.5905906       -1.7351330515
     10.6106106       -1.7180020663
     10.6306306       -1.7010387126
     10.6506507       -1.6842413801
     10.6706707       -1.6676084735
     10.6906907       -1.6511384120
     10.7107107       -1.6348296296
     10.7307307       -1.6186805748
     10.7507508       -1.6026897104
     10.7707708       -1.5868555133
     10.7907908       -1.5711764747
     10.8108108       -1.5556510999
     10.8308308       -1.5402779079
     10.8508509       -1.5250554316
     10.8708709       -1.5099822173
     10.8908909       -1.4950568252
     10.9109109       -1.4802778286
     10.9309309       -1.4656438144
     10.9509510       -1.4511533823
     10.9709710       -1.4368051454
     10.9909910       -1.4225977297
     11.0110110       -1.4085297740
     11.0310310       -1.3945999298
     11.0510511       -1.3808068613
     11.0710711       -1.3671492451
     11.0910911       -1.3536257704
     11.1111111       -1.3402351385
     11.1311311       -1.3269760630
     11.1511512       -1.3138472697
     11.1711712       -1.3008474960
     11.1911912       -1.2879754917
     11.2112112       -1.2752300179
     11.2312312       -1.2626098476
     11.2512513       -1.2501137654
     11.2712713       -1.2377405672
     11.2912913       -1.2254890603
     11.3113113       -1.2133580634
     11.3313313       -1.2013464063
     11.3513514       -1.1894529296
     11.3713714       -1.1776764853
     11.3913914       -1.1660159360
     11.4114114       -1.1544701550
     11.4314314       -1.1430380265
     11.4514515       -1.1317184451
     11.4714715       -1.1205103160
     11.4914915       -1.1094125547
     11.5115115       -1.0984240870
     11.5315315       -1.0875438490
     11.5515516       -1.0767707867
     11.5715716       -1.0661038563
     11.5915916       -1.0555420240
     11.6116116       -1.0450842656
     11.6316316       -1.0347295668
     11.6516517       -1.0244769229
     11.6716717       -1.0143253388
     11.6916917       -1.0042738290
     11.7117117       -0.9943214171
     11.7317317       -0.9844671365
     11.7517518       -0.9747100292
     11.7717718       -0.9650491470
     11.7917918       -0.9554835502
     11.8118118       -0.9460123085
     11.8318318       -0.9366345003
     11.8518519       -0.9273492128
     11.8718719       -0.9181555420
     11.8918919       -0.9090525926
     11.9119119       -0.9000394778
     11.9319319       -0.8911153192
     11.9519520       -0.8822792471
     11.9719720       -0.8735304000
     11.9919920       -0.8648679245
     12.0120120       -0.8562909757
     12.0320320       -0.8477987165
     12.0520521       -0.8393903181
     12.0720721       -0.8310649596
     12.0920921       -0.8228218279
     12.1121121       -0.8146601178
     12.1321321       -0.8065790319
     12.1521522       -0.7985777802
     12.1721722       -0.7906555807
     12.1921922       -0.7828116586
     12.2122122       -0.7750452468
     12.2322322       -0.7673555854
     12.2522523       -0.7597419221
     12.2722723       -0.7522035115
     12.2922923       -0.7447396156
     12.3123123       -0.7373495036
     12.3323323       -0.7300324516
     12.3523524       -0.7227877426
     12.3723724       -0.7156146669
     12.3923924       -0.7085125213
     12.4124124       -0.7014806095
     12.4324324       -0.6945182421
     12.4524525       -0.6876247360
     12.4724725       -0.6807994152
     12.4924925       -0.6740416097
     12.5125125       -0.6673506565
     12.5325325       -0.6607258986
     12.5525526       -0.6541666857
     12.5725726       -0.6476723736
     12.5925926       -0.6412423243
     12.6126126       -0.6348759063
     12.6326326       -0.6285724938
     12.6526527       -0.6223314673
     12.6726727       -0.6161522134
     12.6926927       -0.6100341245
     12.7127127       -0.6039765988
     12.7327327       -0.5979790407
     12.7527528       -0.5920408601
     12.7727728       -0.5861614726
     12.7927928       -0.5803402998
     12.8128128       -0.5745767684
     12.8328328       -0.5688703113
     12.8528529       -0.5632203664
     12.8728729       -0.5576263773
     12.8928929       -0.5520877930
     12.9129129       -0.5466040678
     12.9329329       -0.5411746615
     12.9529530       -0.5357990388
     12.9729730       -0.5304766700
     12.9929930       -0.5252070304
     13.0130130       -0.5199896003
     13.0330330       -0.5148238652
     13.0530531       -0.5097093155
     13.0730731       -0.5046454469
     13.0930931       -0.4996317595
     13.1131131       -0.4946677587
     13.1331331       -0.4897529546
     13.1531532       -0.4848868620
     13.1731732       -0.4800690004
     13.1931932       -0.4752988943
     13.2132132       -0.4705760725
     13.2332332       -0.4659000685
     13.2532533       -0.4612704204
     13.2732733       -0.4566866708
     13.2932933       -0.4521483669
     13.3133133       -0.4476550600
     13.3333333       -0.4432063062
     13.3533534       -0.4388016655
     13.3733734       -0.4344407026
     13.3933934       -0.4301229862
     13.4134134       -0.4258480894
     13.4334334       -0.4216155892
     13.4534535       -0.4174250671
     13.4734735       -0.4132761085
     13.4934935       -0.4091683028
     13.5135135       -0.4051012436
     13.5335335       -0.4010745283
     13.5535536       -0.3970877584
     13.5735736       -0.3931405392
     13.5935936       -0.3892324799
     13.6136136       -0.3853631935
     13.6336336       -0.3815322968
     13.6536537       -0.3777394105
     13.6736737       -0.3739841589
     13.6936937       -0.3702661698
     13.7137137       -0.3665850750
     13.7337337       -0.3629405097
     13.7537538       -0.3593321128
     13.7737738       -0.3557595266
     13.7937938       -0.3522223969
     13.8138138       -0.3487203732
     13.8338338       -0.3452531083
     13.8538539       -0.3418202583
     13.8738739       -0.3384214829
     13.8938939       -0.3350564450
     13.9139139       -0.3317248108
     13.9339339       -0.3284262499
     13.9539540       -0.3251604350
     13.9739740       -0.3219270421
     13.9939940       -0.3187257503
     14.0140140       -0.3155562421
     14.0340340       -0.3124182028
     14.0540541       -0.3093113211
     14.0740741       -0.3062352884
     14.0940941       -0.3031897994
     14.1141141       -0.3001745518
     14.1341341       -0.2971892462
     14.1541542       -0.2942335862
     14.1741742       -0.2913072782
     14.1941942       -0.2884100316
     14.2142142       -0.2855415586
     14.2342342       -0.2827015743
     14.2542543       -0.2798897966
     14.2742743       -0.2771059460
     14.2942943       -0.2743497461
     14.3143143       -0.2716209228
     14.3343343       -0.2689192051
     14.3543544       -0.2662443244
     14.3743744       -0.2635960149
     14.3943944       -0.2609740132
     14.4144144       -0.2583780589
     14.4344344       -0.2558078937
     14.4544545       -0.2532632621
     14.4744745       -0.2507439111
     14.4944945       -0.2482495902
     14.5145145       -0.2457800514
     14.5345345       -0.2433350490
     14.5545546       -0.2409143398
     14.5745746       -0.2385176830
     14.5945946       -0.2361448403
     14.6146146       -0.2337955755
     14.6346346       -0.2314696550
     14.6546547       -0.2291668473
     14.6746747       -0.2268869232
     14.6946947       -0.2246296559
     14.7147147       -0.2223948208
     14.7347347       -0.2201821953
     14.7547548       -0.2179915593
     14.7747748       -0.2158226948
     14.7947948       -0.2136753858
     14.8148148       -0.2115494185
     14.8348348       -0.2094445813
     14.8548549       -0.2073606646
     14.8748749       -0.2052974609
     14.8948949       -0.2032547648
     14.9149149       -0.2012323728
     14.9349349       -0.1992300835
     14.9549550       -0.1972476975
     14.9749750       -0.1952850174
     14.9949950       -0.1933418476
     15.0150150       -0.1914179946
     15.0350350       -0.1895132668
     15.0550551       -0.1876274743
     15.0750751       -0.1857604292
     15.0950951       -0.1839119456
     15.1151151       -0.1820818393
     15.1351351       -0.1802699278
     15.1551552       -0.1784760307
     15.1751752       -0.1766999691
     15.1951952       -0.1749415660
     15.2152152       -0.1732006462
     15.2352352       -0.1714770361
     15.2552553       -0.1697705639
     15.2752753       -0.1680810596
     15.2952953       -0.1664083546
     15.3153153       -0.1647522823
     15.3353353       -0.1631126774
     15.3553554       -0.1614893766
     15.3753754       -0.1598822179
     15.3953954       -0.1582910411
     15.4154154       -0.1567156875
     15.4354354       -0.1551560001
     15.4554555       -0.1536118232
     15.4754755       -0.1520830029
     15.4954955       -0.1505693866
     15.5155155       -0.1490708235
     15.5355355       -0.1475871639
     15.5555556       -0.1461182600
     15.5755756       -0.1446639652
     15.5955956       -0.1432241343
     15.6156156       -0.1417986238
     15.6356356       -0.1403872914
     15.6556557       -0.1389899963
     15.6756757       -0.1376065991
     15.6956957       -0.1362369617
     15.7157157       -0.1348809475
     15.7357357       -0.1335384211
     15.7557558       -0.1322092486
     15.7757758       -0.1308932973
     15.7957958       -0.1295904359
     15.8158158       -0.1283005343
     15.8358358       -0.1270234638
     15.8558559       -0.1257590969
     15.8758759       -0.1245073074
     15.8958959       -0.1232679704
     15.9159159       -0.1220409621
     15.9359359       -0.1208261600
     15.9559560       -0.1196234428
     15.9759760       -0.1184326905
     15.9959960       -0.1172537842
     16.0160160       -0.1160866062
     16.0360360       -0.1149310399
     16.0560561       -0.1137869700
     16.0760761       -0.1126542821
     16.0960961       -0.1115328633
     16.1161161       -0.1104226014
     16.1361361       -0.1093233857
     16.1561562       -0.1082351063
     16.1761762       -0.1071576546
     16.1961962       -0.1060909229
     16.2162162       -0.1050348047
     16.2362362       -0.1039891945
     16.2562563       -0.1029539879
     16.2762763       -0.1019290814
     16.2962963       -0.1009143727
     16.3163163       -0.0999097605
     16.3363363       -0.0989151442
     16.3563564       -0.0979304247
     16.3763764       -0.0969555035
     16.3963964       -0.0959902832
     16.4164164       -0.0950346673
     16.4364364       -0.0940885605
     16.4564565       -0.0931518681
     16.4764765       -0.0922244966
     16.4964965       -0.0913063533
     16.5165165       -0.0903973464
     16.5365365       -0.0894973852
     16.5565566       -0.0886063796
     16.5765766       -0.0877242408
     16.5965966       -0.0868508804
     16.6166166       -0.0859862112
     16.6366366       -0.0851301468
     16.6566567       -0.0842826016
     16.6766767       -0.0834434910
     16.6966967       -0.0826127310
     16.7167167       -0.0817902386
     16.7367367       -0.0809759317
     16.7567568       -0.0801697288
     16.7767768       -0.0793715493
     16.7967968       -0.0785813134
     16.8168168       -0.0777989422
     16.8368368       -0.0770243574
     16.8568569       -0.0762574817
     16.8768769       -0.0754982382
     16.8968969       -0.0747465512
     16.9169169       -0.0740023455
     16.9369369       -0.0732655467
     16.9569570       -0.0725360811
     16.9769770       -0.0718138758
     16.9969970       -0.0710988585
     17.0170170       -0.0703909579
     17.0370370       -0.0696901030
     17.0570571       -0.0689962239
     17.0770771       -0.0683092511
     17.0970971       -0.0676291159
     17.1171171       -0.0669557504
     17.1371371       -0.0662890872
     17.1571572       -0.0656290596
     17.1771772       -0.0649756016
     17.1971972       -0.0643286480
     17.2172172       -0.0636881339
     17.2372372       -0.0630539953
     17.2572573       -0.0624261688
     17.2772773       -0.0618045916
     17.2972973       -0.0611892016
     17.3173173       -0.0605799372
     17.3373373       -0.0599767374
     17.3573574       -0.0593795420
     17.3773774       -0.0587882912
     17.3973974       -0.0582029258
     17.4174174       -0.0576233873
     17.4374374       -0.0570496178
     17.4574575       -0.0564815597
     17.4774775       -0.0559191565
     17.4974975       -0.0553623516
     17.5175175       -0.0548110896
     17.5375375       -0.0542653151
     17.5575576       -0.0537249737
     17.5775776       -0.0531900112
     17.5975976       -0.0526603742
     17.6176176       -0.0521360097
     17.6376376       -0.0516168651
     17.6576577       -0.0511028886
     17.6776777       -0.0505940287
     17.6976977       -0.0500902346
     17.7177177       -0.0495914558
     17.7377377       -0.0490976424
     17.7577578       -0.0486087450
     17.7777778       -0.0481247148
     17.7977978       -0.0476455032
     17.8178178       -0.0471710623
     17.8378378       -0.0467013446
     17.8578579       -0.0462363033
     17.8778779       -0.0457758916
     17.8978979       -0.0453200636
     17.9179179       -0.0448687736
     17.9379379       -0.0444219765
     17.9579580       -0.0439796275
     17.9779780       -0.0435416824
     17.9979980       -0.0431080975
     18.0180180       -0.0426788292
     18.0380380       -0.0422538346
     18.0580581       -0.0418330712
     18.0780781       -0.0414164970
     18.0980981       -0.0410040701
     18.1181181       -0.0405957494
     18.1381381       -0.0401914939
     18.1581582       -0.0397912632
     18.1781782       -0.0393950173
     18.1981982       -0.0390027164
     18.2182182       -0.0386143214
     18.2382382       -0.0382297933
     18.2582583       -0.0378490938
     18.2782783       -0.0374721845
     18.2982983       -0.0370990280
     18.3183183       -0.0367295867
     18.3383383       -0.0363638237
     18.3583584       -0.0360017025
     18.3783784       -0.0356431867
     18.3983984       -0.0352882405
     18.4184184       -0.0349368283
     18.4384384       -0.0345889150
     18.4584585       -0.0342444658
     18.4784785       -0.0339034461
     18.4984985       -0.0335658219
     18.5185185       -0.0332315593
     18.5385385       -0.0329006249
     18.5585586       -0.0325729856
     18.5785786       -0.0322486085
     18.5985986       -0.0319274611
     18.6186186       -0.0316095115
     18.6386386       -0.0312947276
     18.6586587       -0.0309830780
     18.6786787       -0.0306745315
     18.6986987       -0.0303690572
     18.7187187       -0.0300666246
     18.7387387       -0.0297672033
     18.7587588       -0.0294707634
     18.7787788       -0.0291772751
     18.7987988       -0.0288867092
     18.8188188       -0.0285990365
     18.8388388       -0.0283142283
     18.8588589       -0.0280322559
     18.8788789       -0.0277530913
     18.8988989       -0.0274767063
     18.9189189       -0.0272030735
     18.9389389       -0.0269321653
     18.9589590       -0.0266639546
     18.9789790       -0.0263984147
     18.9989990       -0.0261355188
     19.0190190       -0.0258752407
     19.0390390       -0.0256175543
     19.0590591       -0.0253624339
     19.0790791       -0.0251098538
     19.0990991       -0.0248597889
     19.1191191       -0.0246122139
     19.1391391       -0.0243671043
     19.1591592       -0.0241244353
     19.1791792       -0.0238841828
     19.1991992       -0.0236463227
     19.2192192       -0.0234108310
     19.2392392       -0.0231776844
     19.2592593       -0.0229468594
     19.2792793       -0.0227183329
     19.2992993       -0.0224920820
     19.3193193       -0.0222680841
     19.3393393       -0.0220463167
     19.3593594       -0.0218267577
     19.3793794       -0.0216093850
     19.3993994       -0.0213941769
     19.4194194       -0.0211811118
     19.4394394       -0.0209701685
     19.4594595       -0.0207613257
     19.4794795       -0.0205545625
     19.4994995       -0.0203498583
     19.5195195       -0.0201471926
     19.5395395       -0.0199465450
     19.5595596       -0.0197478955
     19.5795796       -0.0195512242
     19.5995996       -0.0193565114
     19.6196196       -0.0191637375
     19.6396396       -0.0189728833
     19.6596597       -0.0187839297
     19.6796797       -0.0185968577
     19.6996997       -0.0184116487
     19.7197197       -0.0182282840
     19.7397397       -0.0180467452
     19.7597598       -0.0178670143
     19.7797798       -0.0176890732
     19.7997998       -0.0175129041
     19.8198198       -0.0173384894
     19.8398398       -0.0171658115
     19.8598599       -0.0169948533
     19.8798799       -0.0168255975
     19.8998999       -0.0166580272
     19.9199199       -0.0164921257
     19.9399399       -0.0163278762
     19.9599600       -0.0161652625
     19.9799800       -0.0160042681
     20.0000000       -0.0158448770
