20	 0.302   0.001		0.00133  0.00001
19	 0.2906  0.0007	0.00120  0.00001
18 	 0.2824  0.0001	0.00106  0.00001
17 	 0.2688  0.0001	0.00096  0.00001
16	 0.2618  0.0004	0.00083  0.00005
15 	 0.2546  0.0006	0.00075  0.00002
14	 0.2432  0.0002	0.00074  0.00002
13	 0.2271  0.0002	0.00057  0.00002
12	 0.216   0.001		0.00047  0.00001
11	 0.2046  0.0002	0.00041  0.00002
10	 0.1929  0.0002 	0.00034  0.00002
9	 0.1767  0.0002	0.00029  0.00002
8	 0.170   0.001		0.00024  0.00002
7 	 0.4301  0.0003	0.0111   0.0002
