      2.0000000      0.2560000      3.3140000      3.2320000
      3.0000000      0.5380000      3.3210000      3.5910000
      4.0000000      0.8300000      3.3180000      4.0180000
      5.0000000      1.1070000      3.3210000      4.3730000
      6.0000000      1.4060000      3.3190000      4.7600000
      7.0000000      1.7110000      3.3180000      5.1360000
      8.0000000      2.0060000      3.3210000      5.4870000
      9.0000000      2.3270000      3.3190000      5.8640000
     10.0000000      2.6590000      3.3180000      6.2380000
     11.0000000      2.9810000      3.3200000      6.5890000
     12.0000000      3.3360000      3.3190000      6.9620000
     13.0000000      3.7070000      3.3180000      7.3360000
     14.0000000      4.0710000      3.3200000      7.6890000
     15.0000000      4.4800000      3.3190000      8.0590000
     16.0000000      4.9180000      3.3180000      8.4320000
