     17.0000000      5.3690000      3.3200000      8.7870000
     18.0000000      5.9170000      3.3190000      9.1580000
     19.0000000      6.7050000      3.3180000      9.5290000
     20.0000000      2.5980000      3.3200000      9.8830000
     21.0000000      2.5970000      3.3190000     10.2560000
     22.0000000      2.5960000      3.3180000     10.6260000
     23.0000000      2.5980000      3.3200000     10.9790000
     24.0000000      2.5970000      3.3190000     11.3520000
     25.0000000      2.5960000      3.3180000     11.7240000
     26.0000000      2.5980000      3.3200000     12.0750000
     27.0000000      2.5970000      3.3190000     12.4470000
     28.0000000      2.5960000      3.3180000     12.8200000
     29.0000000      2.5980000      3.3200000     13.1730000
     30.0000000      2.5970000      3.3190000     13.5430000
     31.0000000      2.5960000      3.3180000     13.9150000
