     tau         EL         x1         y1         z1         x2         y2         z2
       0   -3.00666   -0.28339    0.00945   -0.28553    0.01568   -0.01142   -0.25809 
      10   -3.30067   -0.28339    0.00945   -0.28553   -0.62555    0.42154   -0.25809 
      20   -3.21765   -0.28339    0.00945   -0.28553   -0.62555   -0.58782   -0.25809 
      30   -3.00172   -0.33284    0.20994   -0.39125   -0.62555   -0.28129   -0.25809 
      40   -2.65349   -0.03566    0.08146   -0.27596   -0.62555   -0.36816    0.06888 
      50   -3.15132   -0.03566    0.60462   -0.27596   -0.43009    0.70375    0.04730 
      60   -2.81324    0.21344    1.44130   -0.49355   -0.43009   -0.46436    0.04730 
      70   -2.86536   -0.22749    1.44130   -0.49355   -0.49098   -0.46436    0.04730 
      80   -3.01799   -0.22749    1.44130   -0.49355   -0.49098   -0.05269    0.04730 
      90   -2.96924   -0.22749    1.44130    0.21704   -0.53626   -0.05269   -0.31909 
     100   -2.90661    0.26157    1.44130   -0.00966   -0.53626   -0.05269   -0.31909 
     110   -2.75050    0.26157    1.44130    0.30779   -0.19988   -0.52044   -0.09527 
     120   -3.00999    0.05873    1.44130   -1.12733    0.73460   -0.52044   -0.09527 
     130   -3.48147   -1.02206    1.21536   -1.12733    0.06336    0.33698   -0.09527 
     140   -3.21932   -1.02206    0.44101   -1.12733    0.06336    0.33698   -0.09527 
     150   -3.06932   -1.02206    0.44101   -1.07014    0.06336   -0.10451   -0.09527 
     160   -3.68048    0.24254   -0.92524   -1.73012    0.06336   -0.10451   -0.09527 
     170   -3.14813    0.24254    0.14842   -0.53737    0.06336   -0.10451   -0.09527 
     180   -2.68081    0.24254    0.14842   -0.13567    0.06336   -0.10451   -0.09527 
     190   -2.80648    0.24254    0.14842   -0.13567    0.06336   -1.22239   -0.29342 
     200   -2.62099   -0.00733    0.14842    0.19152    0.06336   -1.22239   -0.29342 
     210   -2.84923   -1.02951   -0.25349    0.19152    0.13604   -0.76008   -0.29342 
     220   -2.92976   -0.36393   -0.25349    0.45261   -0.73477    0.69005    0.22914 
     230   -2.82202   -0.36393    0.68474    0.45261   -0.73477   -0.07296   -0.30360 
     240   -2.96998   -0.33670    1.17621    0.22005   -0.73477   -0.07296    0.54073 
     250   -2.90759   -0.33670    0.91629   -0.32835   -0.73477   -0.14256   -0.30874 
     260   -2.40656   -0.33670    0.18509   -0.36674   -0.01643   -0.14256    0.03821 
     270   -3.23913   -0.23401    0.18509    0.69417   -0.01643    0.22694    0.11882 
     280   -2.34991    0.07876   -0.12832    0.62999   -0.01643    0.22694   -0.30853 
     290   -2.98671   -0.02797   -0.71112    0.62999    1.47266   -0.08048   -0.83974 
     300   -2.75053   -0.02797   -0.71112    0.12806    0.10622    1.26924    0.32420 
     310   -2.79635   -0.01636   -0.71112    0.12806    0.55074    1.26924    0.35479 
     320   -3.63073   -0.08529    0.63204    0.12806    0.55074    1.88721    0.54654 
     330   -3.64074   -0.08529    0.63204   -0.05827   -0.19294    1.88721    0.54654 
     340   -2.79859   -0.22997   -0.54503   -0.05827   -0.19294    1.37060    0.65194 
     350   -2.93649    0.18738    0.37054   -0.05827   -0.19294    0.54063    0.65194 
     360   -2.71870    0.18738    0.37054   -0.05827    0.00263    0.19292    0.65194 
     370   -2.36128    0.18738    0.37054   -0.05827   -0.19581    0.02263    0.03688 
     380   -2.45876    0.18738    0.28031    0.47068   -0.19581   -0.43939    0.03688 
     390   -2.76521    0.18738   -0.38640    0.31191   -0.23913    0.98107   -1.19330 
     400   -3.05498    0.04726    0.56771    0.31191   -0.61443    0.90093   -1.19330 
     410   -2.89243    0.04726    0.34165    0.31191   -0.30010    0.79040   -0.90974 
     420   -2.85626    0.36254   -1.03249    0.51289    0.61002    0.79040    0.20869 
     430   -2.89920    0.06919    0.28920    0.51289   -0.75854    0.79040   -0.15986 
     440   -2.91500    0.06919    0.28920    0.51289   -0.75854    0.82861   -0.15986 
     450   -2.88397    0.06919   -0.06432    0.51289   -0.75854    1.31142   -0.41847 
     460   -2.87922    0.78416   -0.06432    0.51289   -0.02863    1.21405   -0.41847 
     470   -2.97207    0.68302    0.28692    0.51289    0.15728    1.21405   -0.44853 
     480   -3.06295   -0.39498    0.82734    0.14165   -0.19676    0.45202   -0.44853 
     490   -2.64244   -0.10271   -0.48870    0.27332   -0.73079    0.45202   -0.23890 
     500   -2.56622    0.31385    0.86655    0.77166   -0.11582   -0.20048   -0.25950 
     510   -3.29616    0.76048   -0.21324    0.77166   -0.05957    1.90320   -2.81812 
     520   -3.24452   -0.19759   -0.16525    0.77166   -0.05957    1.90320   -2.81812 
     530   -2.75253   -0.19759   -0.16525    0.77166    0.79908    0.13983   -0.92476 
     540   -3.05619   -0.19759   -0.16525   -0.18287   -0.21002   -0.21559    0.01261 
     550   -2.41366   -0.19759    0.49408   -0.18287   -0.21002   -0.42428    0.01261 
     560   -3.06292    0.28909   -0.11328   -0.13856    0.25527   -0.42428    0.01261 
     570   -2.91655    0.28909   -0.11328   -0.25617    0.25527   -0.42428    0.01261 
     580   -3.21839    0.38848   -0.11328    0.19205    0.25527   -0.35316    0.70106 
     590   -2.74615   -0.76944   -0.11328    0.19205    0.36810   -0.35316    0.70106 
     600   -2.87332   -0.35021   -0.10118    0.19205    0.34357   -0.35316    0.79064 
     610   -2.94929    0.43460   -0.10118    0.03474    0.34357    0.51407    0.79064 
     620   -2.56645    0.43460   -0.09926   -0.24873    0.06241    0.51407    0.02252 
     630   -3.41490   -0.67511    1.17575    0.64027    0.06241    0.51407    0.02252 
     640   -3.66885   -0.41803    1.17575   -0.00965   -0.24736    0.51407    0.02252 
     650   -2.85763   -0.41803   -0.12420   -0.00965   -0.24736    0.13422    0.21936 
     660   -2.57568   -0.49075   -0.08141   -0.00965    0.02423   -0.14592    0.21936 
     670   -3.23243   -0.05419   -0.08141   -0.00965    0.02423   -0.38257    0.21936 
     680   -3.60528   -0.05419   -0.08141    0.10944   -0.05790   -0.13592    0.21936 
     690   -2.59226    0.28685   -0.08141    0.14845   -0.05790   -0.52042   -0.25422 
     700   -2.26691    0.35413   -0.08141    0.14845   -0.05790    0.14409   -0.25422 
     710   -2.87317    0.43192   -1.21039   -0.40164   -0.05790    0.14409   -0.25422 
     720   -2.93443    0.43192   -1.21039    0.11421    0.61613    0.14409   -0.25422 
     730   -2.99305    0.86686   -1.01692    0.11421   -0.22630   -0.27417   -0.25422 
     740   -2.97773   -1.06994   -1.01692   -0.65943    0.68467    0.99068   -0.25422 
     750   -2.84962   -0.39813   -1.01692   -0.65943   -0.00098    0.99068   -0.25422 
     760   -3.02273   -0.39813   -0.72961   -0.65943   -1.38862    0.95666    0.46996 
     770   -2.81109   -0.49186   -0.36934   -0.65943   -0.60972   -0.17122    0.46996 
     780   -2.75607    0.46019   -0.36934   -0.65943   -0.22788   -0.07155    1.12027 
     790   -2.64078   -0.06177   -0.02217   -0.65943   -0.61906   -0.07155    0.16110 
     800   -2.82936   -0.06177   -0.02217   -0.65943    0.80540   -0.94781    0.58985 
     810   -2.91159   -0.24186   -0.02217   -0.64755    0.80540   -0.94020   -0.29303 
     820   -2.63377   -0.24186   -0.02217   -0.17181    0.66882    0.01383   -0.51179 
     830   -3.63208   -0.24186   -0.02217   -0.17181   -0.50785    0.01383   -0.51179 
     840   -3.33613   -0.24186    0.10586   -0.17181   -0.27177    0.01383   -0.47381 
     850   -2.62427   -0.24186    0.10586   -0.17181    0.71293    0.01383   -0.47381 
     860   -2.62491   -0.24186    0.46995   -0.17181    0.71293    0.01383    0.57620 
     870   -2.82085   -0.28251    0.46995   -0.49543   -0.60218    0.01383    0.07987 
     880   -2.52264   -0.28251    0.46995   -0.49543   -0.13658    0.01213    0.32852 
     890   -2.74915   -0.28251    0.68161   -0.75807   -0.38742    0.01213    0.32852 
     900   -2.58734   -0.00825    0.68161   -0.58158   -0.38742   -0.37799    0.32852 
     910   -2.56465   -0.47821    0.30732    0.34160    0.27312   -0.37799    0.32852 
     920   -2.69083   -0.47821    0.30732   -0.57937   -0.34940   -0.37799    0.16977 
     930   -3.30155   -0.07972    0.30732    0.19409   -0.34940    0.21588    0.77424 
     940   -3.23158   -0.07972    0.30732    0.19409   -0.76094    0.85332   -0.41444 
     950   -3.27223   -0.07972    0.30732    0.35666   -0.49807    0.13328    0.67349 
     960   -3.21266   -2.14539    0.30732   -1.85758    0.65748    0.64841    0.67349 
     970   -2.95110   -0.45841    0.19357   -1.83765    0.59903    0.08609    0.41184 
     980   -3.05996    0.84725   -0.61609   -1.00261    0.60923    0.60327   -0.30575 
     990   -3.08545    0.55540    0.55121   -0.24639    0.00580    0.60327   -0.02390 
    1000   -2.78115    0.55540    0.48469   -0.24639   -0.40554    0.60327   -0.02390 
    1010   -2.43110    0.55540    0.06377   -0.24639   -0.40554   -0.33347   -0.02390 
    1020   -2.41723    0.62733    0.16794   -0.05315   -0.40554   -0.33347   -0.02390 
    1030   -2.77784    0.48839   -0.69436   -0.05315   -0.40554   -0.33347   -0.22473 
    1040   -3.04590    0.39403   -0.27268   -0.05315    0.12220   -0.33347   -0.22473 
    1050   -2.96768   -0.52879   -0.27268    0.00464   -0.46236    0.04186   -0.41115 
    1060   -3.34970    0.30317    0.23028    0.00464    1.07555   -0.05818   -0.41115 
    1070   -2.97105   -0.03819    0.23028   -0.33050    1.07555   -0.05818   -0.41115 
    1080   -2.91628    1.25655    0.23028   -0.84915   -0.35206   -0.05818   -0.30643 
    1090   -3.09098   -0.01423   -0.47504   -1.55364   -0.99464   -0.05818   -0.30643 
    1100   -3.21121   -0.01423    0.16130   -1.55364   -0.50303    0.57988   -0.49779 
    1110   -3.22964    0.47436    0.16130   -1.55364   -0.26134    0.57988   -0.49779 
    1120   -3.28226    0.47436    0.19559   -1.55364    0.67918   -0.45119   -0.66983 
    1130   -2.83555    0.47436    0.19559    0.05580   -0.05271   -1.25119   -0.66983 
    1140   -2.71757    0.06252    0.26725    0.05580   -0.05271   -1.25119   -0.97119 
    1150   -2.54702   -0.59367    0.26725    0.05580   -0.05271   -0.44170   -0.15722 
    1160   -2.37396   -0.36943    0.26725    0.20461   -0.05271   -0.34611   -0.15722 
    1170   -2.96818   -0.36943    0.26725   -0.39021   -0.39578   -0.34611   -0.51795 
    1180   -2.63913    0.37252    0.82401   -0.39021   -0.39578   -0.34611   -0.23330 
    1190   -2.64861    0.15554    0.02844   -0.39021   -0.39578   -0.34611   -0.23330 
    1200   -2.72147    0.28601   -0.64088   -0.70581   -0.19263    0.34380   -0.23330 
    1210   -2.40167    0.28601   -0.64088    0.23611   -0.19263    0.14137   -0.23330 
    1220   -3.08896    0.28601   -0.64088   -0.80449    0.28146    0.14137   -0.23330 
    1230   -3.01493   -1.35582    0.67508   -0.80449    0.28146    0.12335   -0.23330 
    1240   -3.28243   -1.35582    0.67508    0.36309   -0.19036    0.12335   -0.26364 
    1250   -3.02696   -1.35582   -0.82226   -0.64361    0.16240    0.64534   -0.80742 
    1260   -2.85849    0.77768   -0.82226   -0.47819   -0.71855    0.09933   -0.60672 
    1270   -3.06718    0.59447   -0.82226    0.54251    0.07788    0.09933    0.44971 
    1280   -2.63777   -0.28607   -0.82226   -0.47500   -0.14614    0.09933    0.44971 
    1290   -2.73957   -0.28607    0.23252   -0.47500   -0.68303    0.09933    0.44971 
    1300   -2.55684   -0.27121    0.23252   -0.47500    0.16343    0.43508    0.49507 
    1310   -2.67487   -0.27121   -0.02814   -0.47500    0.41373    0.43508   -0.27941 
    1320   -2.71520   -0.27121   -0.02814    0.32244    1.05208    0.43508    0.21458 
    1330   -3.06606   -0.27121    0.30831    0.32244    2.17475   -0.49077    0.49179 
    1340   -2.96191   -0.27121    0.56790    0.40746    1.48068    0.46593   -0.65256 
    1350   -3.18451    0.98014    0.56790   -0.72526    0.68972   -0.34091   -0.65256 
    1360   -3.47888    0.16824   -0.31288    0.24878    0.68972   -0.43551    0.42699 
    1370   -2.62795   -0.39099    0.77242   -0.36737   -0.18977   -0.43551    0.45216 
    1380   -3.10656   -0.80346   -0.71272   -0.36737   -0.18977   -0.20271    0.29019 
    1390   -2.81611   -0.80346   -0.71272    0.41003    0.84669   -0.20271    0.29019 
    1400   -2.99297   -0.11574   -0.71272   -0.28684    0.34356   -0.39021    1.59497 
    1410   -3.00835   -0.65334   -0.28594   -0.28684    0.34356   -0.88475    1.56628 
    1420   -2.92188   -0.65334   -0.57823    0.09139    0.43920   -0.88475    0.33757 
    1430   -2.77174   -0.65334   -0.04650    0.08006    0.43920   -0.88475   -0.62034 
    1440   -2.77985   -0.36931   -0.04650   -0.80238    0.44048   -0.88475    0.17876 
    1450   -2.67448   -0.02607   -0.32637   -0.80238    0.44048    0.58016    0.57004 
    1460   -2.71191   -0.57202   -0.10630   -0.80238   -0.07376    0.58016    0.57004 
    1470   -2.99137   -0.57202   -0.94590   -0.80238    0.29319   -0.40433    0.17020 
    1480   -3.17075    0.08146    0.48300    0.53364    0.14437    0.74252    0.17020 
    1490   -2.84980    0.08146    0.39505    0.53364    0.14437   -0.14403    0.17020 
    1500   -2.64755    0.08146    0.39505    0.53364    0.14437   -0.14403   -1.02586 
    1510   -2.83929    0.08146    0.34815    0.53364   -0.37524    0.35456    0.08615 
    1520   -2.65213    0.14448    0.34815    0.53364   -0.37524    0.02006    0.08615 
    1530   -3.11990    0.19177    0.34815   -0.54603   -0.13167    0.02006   -0.20826 
    1540   -2.27203    0.01016    0.34815    0.12910    0.24466   -0.19018   -0.20826 
    1550   -2.82233    0.76751    0.84441   -0.81539   -0.42619   -0.19018   -0.20826 
    1560   -3.29016    0.76751    0.73407   -0.81539    0.48782   -0.09703   -0.20826 
    1570   -2.81693   -0.23315    0.41823   -0.47983    0.48782   -0.09703   -0.59838 
    1580   -3.01136   -0.23315   -0.56357   -0.08194    0.48782   -0.63911   -0.59838 
    1590   -2.99452   -0.23315   -0.56357   -0.08194    0.67061   -0.63911   -0.59838 
    1600   -2.91417    0.57094   -0.56357   -0.17823   -1.40384   -0.54522   -0.21183 
    1610   -2.90254    0.57094   -0.56357    0.23264   -1.40384    0.04865    0.66426 
    1620   -2.85608    0.57094   -0.56357    0.23264   -1.23407    0.22207    0.66426 
    1630   -3.06142   -0.77427   -0.56357   -0.78430   -1.32439    0.83169    0.66426 
    1640   -2.85559   -0.77427    0.21693   -0.57350   -0.11905    0.83169    0.66426 
    1650   -2.86274    0.42033   -0.34652    0.79345   -0.90029    0.83169    0.29105 
    1660   -2.64477    0.30109   -0.34652   -0.07115   -0.97512    0.83169    0.19057 
    1670   -3.03463    0.66419   -0.34652   -0.05096    0.02837    2.03975    0.19057 
    1680   -2.52886    0.66419   -0.34652   -0.11505   -0.50327    0.44798    0.19057 
    1690   -2.75022    0.66419    0.66728   -1.04469   -0.50327   -0.14003    0.19057 
    1700   -2.95572    0.56899    1.49837   -1.07409   -0.50327   -0.07818    0.19057 
    1710   -2.95908    0.56899    1.49837   -1.07409   -0.31649   -0.76966    0.16442 
    1720   -2.95920    1.37609    0.44938   -1.07409   -0.31649   -0.76966    0.16442 
    1730   -2.70460    1.37609    0.44938   -0.29627   -0.31649   -0.21796    0.16442 
    1740   -3.15347    1.37609   -0.87446    1.01022   -0.31649   -0.45749    0.16442 
    1750   -3.02910    0.65610    0.60180    1.57818   -0.31649    0.05697   -1.24272 
    1760   -3.09520    0.65610   -0.52577    1.57818    0.39305    0.05697   -0.14607 
    1770   -3.22111    0.64559   -0.61201   -0.74504    0.52414    0.05697   -0.14607 
    1780   -2.66603    0.15740   -0.24871   -0.74504    0.52414    0.07532    0.73294 
    1790   -3.59332    0.15740   -0.10404    0.23299    0.94663   -0.07099    0.73294 
    1800   -3.68116    0.15740   -0.10404    0.23299    0.94663   -0.69598    0.89921 
    1810   -3.09766    0.15740   -1.39126   -0.75503    0.73572   -0.69598    0.54113 
    1820   -2.93457    0.33969   -0.18771   -0.75503    0.73572   -0.69598    0.11080 
    1830   -2.78728   -0.49949    0.02263    0.79017    0.68669   -0.69598    0.11080 
    1840   -2.66442   -0.20429    0.70300    0.30352    0.77515   -0.11812   -0.07645 
    1850   -2.88353    0.40457    0.70300    0.00069    0.77515   -0.11812    0.15723 
    1860   -2.75938    0.24296    0.50649    0.14507    0.77515   -0.28300   -0.33965 
    1870   -2.56512   -0.32127    0.50649   -0.35669    0.71012   -0.28300    0.14454 
    1880   -2.48030   -0.32127   -0.07590   -0.35669    0.71012   -0.17561    0.14454 
    1890   -2.93008   -0.32127   -0.07590    0.90487    0.71012   -0.68445   -1.37482 
    1900   -2.94753   -0.32127   -0.42068    0.90487   -0.79198   -0.11365   -1.37482 
    1910   -3.00273   -1.27354   -0.54901    0.90487    0.85836    0.91553   -0.41307 
    1920   -3.03070   -1.27354    0.90951    0.90487    0.13764    0.41175   -0.41307 
    1930   -2.97678    0.66308   -0.56464    0.90487    0.13764   -0.99856   -0.41307 
    1940   -3.21901    0.66308   -0.09623    0.90487   -0.11177   -0.11932    0.53574 
    1950   -2.58534   -0.18690   -0.09623    0.28508   -0.44269   -0.11932   -0.53702 
    1960   -2.69247   -0.15026    0.41118    0.28508   -0.01116    0.41902   -0.53702 
    1970   -2.68632   -0.27103    0.44737    0.28508    0.51812    0.41902   -0.53702 
    1980   -2.84976   -1.10805   -0.77589    0.71453    0.51812    0.42761   -0.53702 
    1990   -2.78873   -0.48293   -0.77589    0.71453    0.51812    0.42761   -0.76853 
    2000   -2.82439   -0.04289   -0.77589   -0.45579   -0.04996   -0.37335    0.45121 
    2010   -2.95187   -0.04289   -0.77589    0.00872   -0.49520   -0.37335    0.45121 
    2020   -2.73571    0.08767   -0.77589    0.03815    0.38348   -0.00497   -0.49177 
    2030   -2.64995    0.08767   -0.77589    0.21821   -0.33137   -0.00497   -0.49177 
    2040   -2.72916   -0.23915   -0.77589    0.76811   -0.33137   -0.00497   -0.49177 
    2050   -2.74784   -0.23915   -0.77589    0.21617   -0.33137    0.96963    0.39616 
    2060   -2.89313   -0.23915   -0.77589    0.21617   -0.33137   -0.40697   -0.76487 
    2070   -2.71861   -0.27403   -0.03766    0.21617   -0.33137   -0.40697   -0.76487 
    2080   -3.15287   -1.14327   -0.04850    0.05078   -0.45265    0.50090   -0.02491 
    2090   -3.11365   -0.36741   -1.38063   -0.80203    0.61494    0.76024   -1.43891 
    2100   -3.34294    1.12082   -1.38063   -0.80203    1.64983   -0.11702   -1.88167 
    2110   -3.25908    0.11495   -1.38063   -0.56061    1.64983    0.70555   -1.88167 
    2120   -3.04037   -0.51426   -1.38063   -0.56061    0.96343    0.32235   -0.98454 
    2130   -3.57596   -0.51426   -0.17390   -0.56061   -0.74012   -0.69522   -0.98454 
    2140   -3.04576   -0.03075   -0.17390   -1.10425   -0.74012   -0.92372   -0.41439 
    2150   -2.78984   -0.03075    0.30519   -0.00094    0.36680    0.09194   -0.70847 
    2160   -2.88768   -0.03075    0.30868    0.03375    0.36680    0.09194    0.82033 
    2170   -2.47030   -0.03075    0.30868   -0.09825    0.36680   -0.01840   -0.07643 
    2180   -3.49057   -0.46549    0.30868   -1.16091   -0.17239   -0.01840   -0.89694 
    2190   -3.20021    1.01223    0.30868   -1.16091    0.28804    0.92789   -0.40930 
    2200   -2.98631    1.01223   -0.31496   -1.16091    0.28804    0.92789    0.75065 
    2210   -3.03597    1.01223    0.56925    0.23636   -0.08757    0.92789    0.75065 
    2220   -2.74466   -0.22999    0.56925   -1.01832   -0.41709   -0.30893    0.55049 
    2230   -2.73333   -0.22999    0.56925   -0.11867    0.34631    0.32454    0.55049 
    2240   -2.86771    0.91821    0.96020   -0.11867    0.34631   -0.56185   -0.15320 
    2250   -2.87276   -0.15966   -0.17080   -0.87027    0.11026    0.32407   -0.15320 
    2260   -2.71323    0.06931   -0.17080   -0.51336    0.11026    0.32407   -0.19384 
    2270   -2.49921    0.15351   -0.17080   -0.17646    0.11877    0.61182   -0.12237 
    2280   -2.49346    0.15351   -0.73215   -0.00833   -0.00284    0.61182   -0.12237 
    2290   -2.49410    0.15351   -0.73215   -0.00833   -0.00284    0.63249    0.03158 
    2300   -3.30906    0.15351    0.41461    0.00876   -0.04281    0.27130    0.03158 
    2310   -2.62337    0.15351    0.41461    0.00876   -0.04281   -0.89589   -0.68576 
    2320   -2.57766    0.15351    0.41461    0.00876   -0.39856   -0.89589   -0.48642 
    2330   -2.81685    0.15351    0.41461   -0.42123   -0.39856   -0.00741   -0.48642 
    2340   -2.64556    0.33986   -0.35940    0.15114    0.14730   -0.00741   -0.72888 
    2350   -2.64556    0.33986   -0.35940    0.15114    0.14730   -0.00741   -0.72888 
    2360   -2.48921   -0.15649   -0.35940    0.15114    0.14730    0.27167   -0.72888 
    2370   -2.74158   -0.15649   -0.35940   -0.82279    0.64229    0.27167   -0.12291 
    2380   -2.73700    0.10194   -0.35940   -0.33878    0.90517    0.27167    0.23190 
    2390   -3.57532    0.10194   -0.35940    0.69319    0.03364   -0.02209    0.23190 
    2400   -2.48674    0.10194   -0.35940    0.69319    0.03364   -0.02209   -0.51701 
    2410   -2.67035   -1.06379   -0.35940    0.69319    0.30695   -0.02209    0.01884 
    2420   -2.78979   -1.06379   -0.33521   -0.87935    0.30695   -0.20027    0.01884 
    2430   -3.36808    0.27375   -0.33521   -0.29462    0.30695   -0.20027   -1.16104 
    2440   -3.53767    0.27375   -0.33521   -0.29462    0.30695   -1.20249   -0.45238 
    2450   -2.59970    0.27375   -0.16671   -0.29462    0.30695   -0.19630    0.58946 
    2460   -2.64990   -0.27704   -0.16671    0.24528   -0.29618   -0.19630   -0.71194 
    2470   -2.11877   -0.27704   -0.02605    0.24528    0.10966   -0.08547   -0.14193 
    2480   -2.59601    0.13117    0.91796    0.24528    0.10966   -0.08547   -0.14193 
    2490   -2.58762    0.13117    0.91796    0.59036    0.10966   -0.08547   -0.14193 
    2500   -3.05270    0.13117    0.32212    0.59036    0.10966   -0.08547    0.10632 
    2510   -3.05270    0.13117    0.32212    0.59036    0.10966   -0.08547    0.10632 
    2520   -3.35856    0.13117   -0.47304    0.16180    0.10966   -0.08547    0.10632 
    2530   -3.24224    0.13117   -0.78183   -0.00617    0.10966   -0.08547    0.10632 
    2540   -2.31976    0.13117   -0.45527   -0.00617    0.10966    0.45059    0.10632 
    2550   -2.29610    0.13117   -0.45527   -0.00617    0.10966    0.38584    0.10632 
    2560   -2.31024    0.16328   -0.45527   -0.00617    0.10966    0.38584    0.10632 
    2570   -2.47672    0.42352   -0.49511   -0.00617    0.10966    0.38584   -0.16124 
    2580   -2.47158    0.42352    0.46015   -0.00617    0.10966   -0.33803    0.16501 
    2590   -2.71058    0.42352   -0.38522   -1.07342    0.10966   -0.01671    0.16501 
    2600   -2.44017   -0.31153    0.52373   -0.73190    0.10966   -0.01671    0.16501 
    2610   -2.99825   -0.31153   -0.52061    0.80829    0.42277   -0.01671    0.60946 
    2620   -2.96054   -0.31153    0.45537    0.97861    0.42277    1.09454   -0.93149 
    2630   -2.95583   -0.31153    0.45537   -0.44629   -0.14270   -0.39064   -0.93149 
    2640   -2.37615    0.07597    0.45537    0.14714   -0.14270   -0.39064    0.24172 
    2650   -2.88746   -0.12783    0.45537    0.14714    0.44017   -0.95665    1.16835 
    2660   -3.04042   -1.32854    0.88133   -0.95203   -0.29216   -0.95224    0.02813 
    2670   -2.81844   -0.15484    1.29904    0.09288    0.20867   -0.95224    0.02813 
    2680   -2.74576   -0.02235    1.29904    0.09288   -0.28904   -0.53322   -0.29575 
    2690   -2.43376   -0.40342    0.24727    0.09288    0.02890   -0.53322   -0.20123 
    2700   -2.47876   -0.40342    0.24727   -0.21460    0.02890   -0.53322   -0.10099 
    2710   -3.21307   -0.40342    0.24727   -0.21460   -0.69548   -0.00310   -0.10099 
    2720   -2.79684    0.27834    0.24727    0.81036   -0.27778   -0.71915   -1.06281 
    2730   -2.54033    0.27834    0.24727    0.52427   -0.67971   -0.24184   -0.29475 
    2740   -2.62903    0.16707    0.49729    0.52427   -0.67971    0.04881   -0.29475 
    2750   -2.74835    0.16707    0.82533    0.52427   -0.71153    0.04881   -0.29475 
    2760   -3.03942    0.16707    1.69193   -0.76306   -0.71153   -0.31397   -0.39670 
    2770   -2.84335    0.10258    0.12383    0.03814   -0.71153    0.57672   -0.39670 
    2780   -3.03146    0.01787    0.12383   -0.13390   -0.71153   -0.21072   -0.60130 
    2790   -2.93300    1.10180   -0.64633   -0.13390    0.33699    0.60697   -0.60130 
    2800   -2.79580    0.72826    0.15957   -0.13390   -0.21707    0.63930   -0.60130 
    2810   -2.64165    0.72826    0.15957   -0.13390   -0.21707    0.22170   -0.40479 
    2820   -2.63421    0.72826   -0.58489   -0.13390   -0.21707    0.22170   -0.40479 
    2830   -3.64947    0.72826    0.49600   -0.13390    0.29548    0.22170   -0.11395 
    2840   -3.64947    0.72826    0.49600   -0.13390    0.29548    0.22170   -0.11395 
    2850   -2.84528    0.11593   -0.66031   -0.38651   -1.00465   -0.18779   -0.11395 
    2860   -3.01955    0.19849   -0.63391   -0.38651   -0.16546   -0.18779   -0.84051 
    2870   -2.73092    0.48599   -0.63391    0.44763   -0.16546   -0.18779   -0.84051 
    2880   -2.85325    0.48599    0.64523    0.44763    0.39442    0.31724   -0.56279 
    2890   -3.14758    0.48599    0.81171    0.44763    0.39442    1.10217   -0.40697 
    2900   -3.05728   -1.03674    0.39378    0.44763    1.55072    1.10217    0.20713 
    2910   -2.76825   -0.27400   -0.09020    0.44763    0.18323    1.10217   -0.01777 
    2920   -2.76425   -0.27400   -0.88562   -0.31549    0.18323    1.10217   -0.01777 
    2930   -3.05708   -0.27400   -0.18815   -0.31549   -0.81369    0.05646   -0.01777 
    2940   -2.73978   -0.27400   -0.18815   -0.31549   -0.52872   -0.08512    0.90296 
    2950   -3.52296   -0.27400    0.03390    0.16974   -0.52872   -0.03806    0.90296 
    2960   -2.85123    0.57635   -0.62650   -0.39063    0.42264   -0.03806    1.02623 
    2970   -2.71557   -0.51800   -0.62650   -0.29620    0.34042   -0.29060    0.63955 
    2980   -2.46142   -0.30723    0.08521   -0.29620   -0.03986   -0.29060    0.63955 
    2990   -3.15488   -0.30479    0.08521   -0.29620   -0.61350   -0.44651   -0.30497 
    3000   -2.84176    1.08738   -0.01632   -0.29620   -0.61350    0.84814   -0.30497 
    3010   -2.38097    0.30022    0.16295   -0.02948   -0.61350   -0.20331   -0.30497 
    3020   -2.80499    0.38713    0.86459    0.48028    0.41146   -0.90021    0.22606 
    3030   -2.68659    0.38713    0.86459    0.21249    0.41146   -0.50971   -0.00339 
    3040   -2.71178    0.62136    0.86459   -0.10182    0.27807   -0.50971   -0.00339 
    3050   -2.95488    0.62136   -0.50619    1.00807    0.65941    1.00818   -0.00339 
    3060   -2.74418    0.62136    0.21013    0.84897   -0.74199   -0.39977   -0.00339 
    3070   -2.72029    0.62136    0.21013    0.13043    0.21071   -0.66415    0.17688 
    3080   -3.11830    1.31445   -0.91553    0.13043    0.21071    0.24001    0.01007 
    3090   -2.95257   -0.78542    0.31865    0.46727    0.05329    0.24001    0.01007 
    3100   -2.95246   -1.19264    0.88965    0.11757    0.05329    0.03965    0.01007 
    3110   -2.46994    0.20443    0.88965    0.11757    0.05329   -0.36319    0.01007 
    3120   -2.38206    0.24753    0.64844    0.11757    0.05329   -0.36319   -0.00664 
    3130   -2.61631    0.11578   -0.29917    0.11757   -0.60881    0.47462   -0.90580 
    3140   -2.58647    0.11578   -0.29917    0.11757   -0.60881    0.65961    0.44801 
    3150   -3.54185    0.11578   -0.29917    0.13936    0.09174   -0.53110    0.44801 
    3160   -3.57762    0.11578   -0.29917   -0.29697    0.48705   -0.53110   -0.55507 
    3170   -3.04996   -0.16303   -0.45320    0.06880    0.27010   -0.53110    0.55296 
    3180   -2.67354   -0.16303    0.98929    0.06880    0.27010   -0.53110   -0.48010 
    3190   -2.76188   -0.16303    0.08653    0.07852    0.06010   -1.33313   -0.48010 
    3200   -2.75952   -0.16303    0.08653    0.08653    0.06010   -1.33313   -0.46638 
    3210   -2.70570    0.34981   -0.02114    0.15162    0.16904   -0.56112   -0.46638 
    3220   -2.67886   -0.31971   -0.02114    0.15162    0.16904   -0.75436   -0.65905 
    3230   -2.80941    0.40356   -0.02114    0.15162    0.16904   -0.75436   -0.65905 
    3240   -2.64486    0.67695   -0.02114    0.15162   -0.00629   -0.15595   -0.65905 
    3250   -2.89985    0.67695   -0.02114    0.15162   -0.84744   -1.22231    0.50013 
    3260   -3.15568   -0.96110   -0.13706    0.15162   -0.84744    0.53115    0.50013 
    3270   -2.89692    0.55700    0.48661    0.15162   -0.84744    0.77899    0.50013 
    3280   -2.81007    1.19615    0.48661    0.15162   -0.84744    0.11423    0.27003 
    3290   -2.92947   -0.14251    0.51023    0.15162   -0.34678    0.11423    0.27003 
    3300   -2.57892   -0.14251   -0.34739    0.15162   -0.09440    0.11423    0.27003 
    3310   -2.57892   -0.14251   -0.34739    0.15162   -0.09440    0.11423    0.27003 
    3320   -2.15190    0.07628   -0.14800    0.15162   -0.09440    0.11423   -0.39312 
    3330   -2.19107    0.18693   -0.04329    0.15162   -0.09440    0.11423   -0.39312 
    3340   -2.23214   -0.05077   -0.04329    0.15162    0.43032    0.11423   -0.39312 
    3350   -2.39738   -0.53068   -0.18323   -0.39299    0.43032    0.11423    0.10357 
    3360   -2.74764    0.32447   -0.29222   -0.39299    0.35206    0.06149    0.10357 
    3370   -2.59245   -0.28402   -0.29222   -0.21631    0.35206    0.94362   -0.14830 
    3380   -3.15787    0.49384   -0.00010   -0.21631    0.64015    1.05434   -0.14830 
    3390   -2.88988    0.49384    0.14201    0.65141   -0.59107    1.19165   -0.14830 
    3400   -2.89238    0.04692    0.14201    0.65141   -0.59107    1.13351   -0.37045 
    3410   -2.79055    0.15757   -0.25128    0.65141   -0.59107    1.13351   -0.37045 
    3420   -3.14162    0.15757    0.61416    1.14424   -0.12920    1.05045    0.28619 
    3430   -3.04386    0.27044    0.61416    0.38888   -0.12920    1.05045   -0.42399 
    3440   -2.51369    0.27044    0.61416    0.30171   -0.12920   -0.20959    0.19362 
    3450   -3.34403    0.27044    0.61416   -0.20971    0.22909    0.11519   -0.11862 
    3460   -2.90560   -1.07811    0.61416    0.18851    0.22909    0.42007   -0.11862 
    3470   -2.97808   -1.07811    0.61416   -0.15186    0.22909    0.42007   -1.12133 
    3480   -2.84115   -0.98032    0.02393   -0.15186    0.22909    0.42007   -0.87117 
    3490   -3.53253    0.03839    0.02393   -0.41834    0.22909    0.42007   -0.87117 
    3500   -2.89401   -0.74715    0.02393   -0.41834    0.22909    0.42007   -0.87117 
    3510   -2.68883   -0.11960    0.02393   -1.07254    0.15806    0.42007    0.58439 
    3520   -3.02133    1.41065    0.92477   -0.28527    0.40735   -0.76766    0.58439 
    3530   -3.13499    1.88474    0.92477    1.23467   -0.59664   -0.76766    0.31785 
    3540   -3.15496    0.25728    0.92477    1.23467   -0.39584   -0.04239    0.31785 
    3550   -3.13472   -0.28536    0.92477    0.59104   -0.27564   -0.04239    0.31785 
    3560   -2.89880   -0.28536   -0.75392    0.59104   -0.27564   -0.04239   -0.13526 
    3570   -3.17906   -0.74833   -0.75392    0.59104   -0.27564   -0.04239   -0.13526 
    3580   -2.84963   -0.74833   -0.75392    0.59104   -0.27564    0.26487   -0.13526 
    3590   -3.59938   -0.44745   -0.75392   -0.54560   -0.27564   -0.31186   -0.13526 
    3600   -2.67274   -0.44745   -0.43452    0.54413    0.46373   -0.31186   -0.66900 
    3610   -2.98786   -0.44745   -0.43452    1.05528    0.46373   -0.74965    0.22903 
    3620   -3.04944   -1.27410    0.65147    1.05528    0.46373    0.57977    0.14104 
    3630   -3.18309   -0.14283    1.14370    0.18036    0.46373    0.57977    0.20951 
    3640   -2.88109   -0.14283    0.80545    0.06121    0.46373    0.28290    0.20951 
    3650   -2.92869   -0.14283   -0.18479   -0.36024    0.46373   -1.03685    0.20951 
    3660   -3.02202   -1.13117   -0.18479   -0.36024    0.95378   -1.16656    0.94650 
    3670   -3.07038    0.25072   -0.18479   -0.36024    0.42530   -1.25154    0.53236 
    3680   -2.98474    0.25072   -0.18479   -0.36024    0.42530   -1.02853    0.53236 
    3690   -2.99695   -0.27972   -0.18479    0.33566    1.00911   -1.02853    0.29910 
    3700   -3.24220    0.47678    0.06012    0.33566    1.00911    0.15235   -0.11768 
    3710   -3.00647    0.47678    0.06012    0.17356    0.65679   -0.10880   -1.17691 
    3720   -2.61251   -0.96885    0.06012    0.10632    0.65679   -0.10880   -0.20331 
    3730   -3.25993   -0.96885    0.06012    0.10632   -0.67378    0.38924    0.31249 
    3740   -3.31950   -0.58723   -0.42488    0.10632   -0.62928   -0.23644    0.31249 
    3750   -2.90901    0.16975   -0.42488   -1.46252   -0.62928   -0.23644    0.73743 
    3760   -2.84391    0.99826    0.22159    0.48199   -0.62928   -0.23644    0.73743 
    3770   -2.76137   -0.12800    0.22159    0.48199    0.27649   -0.23644    0.37529 
    3780   -2.40737    0.09650    0.15444    0.48199    0.27649    0.04593   -0.44391 
    3790   -3.09895    0.09650   -0.32674   -0.55534    0.27649    0.04593   -0.44391 
    3800   -2.85411   -0.10221    1.09744   -0.02986    0.27649    0.04593    0.45641 
    3810   -2.90282   -0.10221    1.09744   -0.02986   -0.65429    0.08517    0.36171 
    3820   -2.95488   -0.10221    1.09744    0.13760   -0.65429    0.13605    0.30174 
    3830   -2.91993   -0.10221   -0.06587    0.13760   -0.65429    0.13605   -0.19128 
    3840   -3.22889   -0.09346   -0.13554    0.13760   -0.65429    0.36093    0.71672 
    3850   -2.57908   -0.09346   -0.13554    0.13760    0.30074   -0.32487   -0.75630 
    3860   -2.59818   -0.09346    0.37084    0.69772   -0.13352   -0.32487   -0.75630 
    3870   -2.86112   -0.09346    0.37084    0.44042    0.41382    0.85007   -0.75630 
    3880   -3.55487    0.48628    0.37084   -0.42211    1.76022    0.81988   -0.23702 
    3890   -3.49888    0.48628   -0.39365   -0.40674    1.76022   -0.21389   -0.49173 
    3900   -2.89912    0.44250   -0.39365   -0.40674    0.54955    0.21072   -0.10943 
    3910   -2.93463    0.44250   -0.15946   -0.40674    0.68075    0.21072    0.06779 
    3920   -3.06489    0.44250   -0.15946   -0.12789    0.68075    0.21072    0.23381 
    3930   -2.36587   -0.24255   -0.15946    0.01484    0.08699    0.40223    0.32400 
    3940   -2.53902    0.49555    0.55149   -0.21589    0.08699   -0.21361    0.32400 
    3950   -3.42753   -0.77320   -0.26293   -0.21589   -0.29971   -0.21361   -0.27972 
    3960   -2.81794   -0.83046   -0.72022   -0.21589    0.13192   -0.21361    0.56285 
    3970   -2.91568    0.71529    0.29760   -0.21589    0.22833   -0.21361   -0.48101 
    3980   -2.59168    0.10647    0.29760   -0.21589    0.22833   -0.21361   -0.27103 
    3990   -3.00108    0.10647    0.29760    0.79301    0.55582    0.26286    0.23457 
    4000   -3.15463    0.10647   -0.90375   -0.26430    0.55582    0.26286   -1.89859 
    4010   -3.26748    0.17325    0.05471   -0.29103   -1.15026    0.26286   -1.33100 
    4020   -2.79529    0.17325   -0.01107   -0.29103   -1.15026    0.42493   -0.22129 
    4030   -2.81740   -0.00824   -0.12363    0.58589   -1.15026    0.22952   -0.22129 
    4040   -2.82394   -0.00824   -0.12363    0.58589   -1.15026    0.35181   -0.22129 
    4050   -2.98608   -0.00824   -0.12363   -0.89547    0.08555    0.35181   -0.22129 
    4060   -3.17935   -1.21084   -0.12363   -1.43589   -0.82664    1.11857   -0.22129 
    4070   -3.43288   -1.21084   -0.67049   -1.50734   -0.52090    0.22875   -0.22129 
    4080   -2.91681   -1.71123    0.33487   -0.27097    0.71849    0.22875   -0.22129 
    4090   -3.40042   -1.71123    0.33487   -0.63429   -0.05931    0.22875   -0.22129 
    4100   -3.60224   -1.71123    0.39431   -1.30370   -0.05931   -0.05772   -0.12978 
    4110   -3.43220   -1.79910    1.13641   -0.72141   -0.05931   -0.05772   -0.12978 
    4120   -2.92562    0.73510    1.13641    0.36873   -0.05931    0.01505    0.00807 
    4130   -2.42634    0.16174   -0.16860    0.36873   -0.08592    0.01505    0.00807 
    4140   -2.78596    0.16174   -0.16860    0.36873   -0.08592   -0.58809    0.00807 
    4150   -2.91606    0.81969   -0.16860   -0.63082    0.06125   -0.58809   -0.00014 
    4160   -3.43862    0.81969   -0.24324   -0.06800    0.28080   -0.28390   -0.00014 
    4170   -2.82914    0.81969   -0.89330   -0.06800   -0.65368   -0.28390    0.40565 
    4180   -2.45082   -0.12263    0.28129   -0.68612    0.26294   -0.03238    0.40565 
    4190   -2.73426   -0.12263   -0.11037    0.32474    0.26294   -0.03238    0.25658 
    4200   -3.00924   -0.44718    0.28621   -0.12989   -0.08368   -0.03238   -0.17148 
    4210   -3.15549   -0.44718    0.28432    0.03443   -0.08368    0.92263   -1.32544 
    4220   -2.87797    0.32133    0.28432    0.03443   -0.08368    0.50011    0.21901 
    4230   -2.40224    0.43646    0.28432   -0.61210   -0.08368   -0.22174    0.21901 
    4240   -2.39745    0.43646    0.28432   -0.38302   -0.41649   -0.22174    0.21901 
    4250   -2.43967    0.43646   -0.00700   -0.43817    0.01237   -0.22174    0.25100 
    4260   -2.45818    0.43646   -0.00700   -0.43817    0.01237   -0.11058    0.11355 
    4270   -2.42604   -0.32260   -0.00700   -0.08424    0.04888   -0.11058   -0.09007 
    4280   -2.46843   -0.32260   -0.00700   -0.08424    0.04888   -0.11058   -0.14962 
    4290   -2.56180   -0.32260   -0.00700   -0.08424    0.04888    0.57622    0.06289 
    4300   -2.68401    0.48795   -0.00700   -0.08424    0.04888    0.57622    0.50262 
    4310   -2.62302   -0.46651   -0.10644   -0.08424   -0.13964    0.32149    0.50262 
    4320   -2.73528   -0.23304   -0.74311   -0.52866   -0.13964   -0.22979    0.61314 
    4330   -3.16787   -0.23304   -1.15284   -0.52866   -0.13964    0.00441   -0.39399 
    4340   -3.21103   -1.66839   -1.15284   -0.27392    0.04480   -0.04856   -0.39399 
    4350   -3.04608   -1.66839   -0.09244   -0.05152    0.00009   -0.74756   -0.39399 
    4360   -2.68358   -0.55360    0.05458   -0.05152    0.00009    0.14219   -0.25948 
    4370   -2.92952   -0.55360   -0.30169   -0.26312    0.00009   -0.58393   -0.21131 
    4380   -2.67803    0.08361    0.40890   -0.26312    0.00009   -0.58393   -0.61526 
    4390   -2.74811    0.08361   -0.34753   -0.26312    0.00009    0.88023   -0.64323 
    4400   -2.61520    0.08361   -0.34753   -0.26312   -0.60627    0.88023    0.56773 
    4410   -3.23490    0.08361    0.41964    0.13505    0.38404    0.88023   -0.62238 
    4420   -2.61031   -0.18407    0.41964    0.82813    0.22019   -0.30229   -0.62238 
    4430   -3.10541   -0.18407    0.53279   -0.31404    0.22019    0.41024   -0.62238 
    4440   -2.68821   -0.18407    0.20876   -0.31404   -0.40229    0.32792    0.77641 
    4450   -2.81921   -0.18407    0.52707   -0.31404   -0.34531    0.44706    0.52602 
    4460   -3.04530   -0.17174    0.10324   -0.31404    0.02510    0.44706   -0.31078 
    4470   -3.43879   -0.17174    0.10324   -0.31404   -0.20570    0.21847   -0.31078 
    4480   -2.52432   -0.17174    0.10324   -0.31404    0.49852   -0.30308   -0.18039 
    4490   -3.56894   -0.17174    0.10324   -0.01236   -0.38065    0.31148   -0.18039 
    4500   -2.62773   -0.17174    0.04398   -0.39570    0.39207    0.31148   -0.18039 
    4510   -2.77299    0.32018    0.04398   -0.44385   -0.78025    0.75203   -0.18039 
    4520   -2.92450    0.53987   -0.55356    0.54035   -0.21562    0.84045   -1.44368 
    4530   -2.91408   -0.43849    0.15811    0.44519   -0.21562    0.70962   -1.44368 
    4540   -2.96923   -0.56287   -0.01206    1.02357   -0.21562    0.70962   -1.44368 
    4550   -3.30782   -0.61599   -0.61584    1.02357   -0.24010   -0.33972   -0.01455 
    4560   -2.26933    0.14160    0.23635   -0.24139   -0.24010   -0.33972   -0.01455 
    4570   -2.98088    0.14160   -0.85554    0.31465   -0.24010   -0.12044   -0.01455 
    4580   -2.75952    0.14160   -0.53508    0.31465   -0.24010   -0.12044   -0.01455 
    4590   -2.96202    0.14160   -0.53508    0.34431   -0.24010   -0.16369    0.13035 
    4600   -2.67373   -0.73726   -0.53508    0.34431    0.33472   -0.13454    0.13035 
    4610   -2.54645   -0.73726   -0.05463    0.34431    0.33472    0.40446   -0.01445 
    4620   -2.53362   -0.73726   -0.05463    0.30762    0.33472    0.40446   -0.04592 
    4630   -3.12642    0.63718    0.10708    0.17116    0.33472    0.34187   -0.04592 
    4640   -2.70468   -0.55199    0.10708    0.17116   -0.00764    0.34187   -0.04592 
    4650   -2.59281   -0.55199    0.15916    0.17116   -0.00764   -0.65532   -0.04592 
    4660   -2.77868   -0.55199    0.15916    0.08266   -0.00764    0.65825   -0.04592 
    4670   -3.05646   -0.28501    0.15916    0.08266   -0.18960    0.18819    0.47627 
    4680   -2.83279   -0.28501    0.92915    0.08266   -0.18960   -0.50438    0.97940 
    4690   -2.87582    0.23661    0.82159   -0.21316   -0.65401    0.48100    0.16434 
    4700   -2.97078    0.23661    0.42005   -0.55831   -1.40635    0.69809    0.77410 
    4710   -2.92819    0.23661    0.64612    0.73624   -0.70659   -0.81421    0.77410 
    4720   -2.86361    0.23661   -0.00420    0.29551   -0.77949   -1.31431   -0.85354 
    4730   -2.91597    0.00685   -0.00420    0.41545   -0.77949   -1.31431   -0.85354 
    4740   -2.68260    0.00685    0.31968    0.41545   -0.06168   -1.02362   -0.85354 
    4750   -2.84798    0.52731    0.41798    0.88403   -0.01111   -1.02362    0.12998 
    4760   -2.82749   -0.37228   -0.73052    0.88403   -0.28512    0.47535    0.12998 
    4770   -3.52940   -0.37228   -0.73052    0.11754   -0.28512   -0.28328    0.12998 
    4780   -2.47948    0.50713   -0.03001    0.11754   -0.28512   -0.38613   -0.39209 
    4790   -2.74388    0.50713   -0.20943    0.11754    0.31896    0.15143   -0.39768 
    4800   -2.87942    0.50713    0.32219    0.74932    0.31896   -0.56391   -1.30566 
    4810   -2.77160    0.50713   -0.17484    0.79882   -0.96451    0.12801   -0.61256 
    4820   -3.34952    0.59648    0.01648   -0.86582    0.25645    0.12801   -1.08188 
    4830   -2.91807    0.34470    0.01648    0.48623    0.80310   -0.82644   -0.44287 
    4840   -2.63105   -0.46555    0.02059    0.08755    0.34236    0.72086   -0.44287 
    4850   -2.73504   -0.46555    0.05199    0.84732    0.34236    0.72086   -0.40950 
    4860   -2.82481   -0.87244   -1.09774   -0.29509    0.34236    0.72086   -0.22971 
    4870   -2.87127   -0.06049   -0.70854    0.13690    0.34236   -0.27636   -0.22971 
    4880   -2.79629   -0.06049   -0.67322    0.69840    0.39622   -0.27636   -0.22971 
    4890   -3.46559   -0.08539   -0.59564    0.69840   -0.11478   -0.27636    0.10551 
    4900   -2.99513   -0.28622   -0.60017    0.69840   -0.11478   -0.27636   -0.14478 
    4910   -2.89296   -0.54833    0.55412    1.22929    0.17603    0.24859   -0.14478 
    4920   -3.64628    0.56269    0.55412    0.41616    0.17603    0.24859    0.19602 
    4930   -3.50217    0.74229    0.05218    0.41616    0.17603    0.04825    0.26151 
    4940   -2.82901    0.09508    0.05218    0.02264    0.17603    0.04825   -0.31596 
    4950   -2.62090    0.09508    0.05218   -0.15988    0.17603    0.49183    0.79731 
    4960   -2.84816    0.09508    0.05218   -0.15988    0.17603   -0.63731   -0.23291 
    4970   -2.59531    0.09508    0.05218   -0.15988    0.17603    0.37386    0.91954 
    4980   -2.49724    0.09508   -0.11261   -0.15988    0.35661    0.58561    0.36847 
    4990   -2.70559    0.09508   -0.52709    0.86789    0.35661    0.14531   -0.09870 
    5000   -2.81904    0.09508   -1.16012    0.79778    0.31063    0.14531   -0.09870 
    5010   -2.97715    0.09508   -0.67890    0.21355    0.31063   -0.17961   -0.09870 
    5020   -3.13492    0.09508   -0.67890    0.46442    0.15745   -0.30219   -0.09870 
    5030   -2.75303   -0.36747   -0.67890    0.46442    0.15745    0.54965   -0.98590 
    5040   -2.76489   -0.36747   -1.08305   -0.71865    0.15745    0.54965   -0.15748 
    5050   -2.97969   -0.36747   -1.01963   -0.52000    0.84874   -0.67577    0.04577 
    5060   -2.90202   -0.05763   -1.18570   -0.27902    0.84874   -0.07231    0.04577 
    5070   -2.70111    0.50526   -0.41385    0.54120   -0.17709   -0.07231    0.04577 
    5080   -3.63110   -0.10550   -0.41385    0.47896   -0.01923   -0.07231    0.04577 
    5090   -2.80665    0.46854   -0.41385    0.47896   -0.63011   -0.19742    0.57224 
    5100   -3.16642    0.46854   -0.41385   -0.75744    1.76520    1.31396    0.57224 
    5110   -3.19608    0.46854   -0.41244   -0.62337    1.76520    0.04002    0.18141 
    5120   -2.32441   -0.17237   -0.25892   -0.62337    0.16538    0.04002    0.18141 
    5130   -3.46566   -0.17237   -0.25892   -0.64688   -0.04289    0.04002   -0.19714 
    5140   -2.96709    1.12541   -1.36388    0.73717   -0.04289    0.82405   -0.19714 
    5150   -2.91773   -0.38883   -1.36388    0.82579   -0.04289    0.90704    0.13162 
    5160   -3.55624   -0.17074   -0.46743    0.82579   -0.04289   -0.08560    0.45540 
    5170   -2.71638   -0.47188   -0.46743   -0.47747   -0.04289   -0.10140    0.95351 
    5180   -2.77230   -0.47188   -0.46743   -0.69143    0.60256   -0.10140    0.95351 
    5190   -2.74060   -0.26616   -0.46743   -0.10819    0.09494   -0.10140    0.95351 
    5200   -2.61438   -0.26616    0.00696   -0.85996    0.09494   -0.36640    0.15056 
    5210   -2.80923   -0.26616    0.72528   -0.85996    0.88422   -0.36640    0.15432 
    5220   -3.08223   -0.26616    0.72528   -0.05762    2.20363   -0.18222    0.15432 
    5230   -2.95336   -0.26616    0.79215   -0.05762    1.62934   -0.18222   -0.31880 
    5240   -3.01558   -0.26616    0.79215   -0.05762    1.19544    0.64514   -0.52193 
    5250   -3.20085    0.18829    0.79215   -0.05762    1.19544    0.64514    0.12954 
    5260   -3.36096    0.00280    0.12359   -0.05762    0.44290    0.64514    0.12954 
    5270   -3.12909    0.00280    0.12359   -0.05762    0.20729    0.64514    0.63685 
    5280   -2.65082    0.39839   -0.34822   -0.05762   -0.30238    0.41087   -0.79180 
    5290   -2.90390   -0.57827   -0.34822    0.22928   -0.45166    0.41087    0.55819 
    5300   -2.73653    0.44395   -0.34822    0.42267   -0.67512    0.52363    0.55819 
    5310   -2.78827   -0.25392   -0.34822    0.42267   -0.67512    0.87560    0.00769 
    5320   -3.50992   -0.60896   -1.42699    0.42267   -0.67512   -0.64584    0.21142 
    5330   -3.62034   -0.37932   -1.42699   -0.05682   -0.27097   -0.42011   -0.09469 
    5340   -3.03225    0.40508   -1.42699   -0.09155   -0.32911   -0.11517    0.12145 
    5350   -3.36683    0.81353   -1.67567   -1.31567    0.10293   -0.11517    0.12145 
    5360   -3.18789    1.14012   -1.67567   -1.95075    0.10293   -0.12963    0.69653 
    5370   -3.56730    1.46452   -1.90973   -1.95075    1.00163   -0.12963   -0.47367 
    5380   -3.10287    0.21852   -1.92239   -0.86034    0.08923   -0.12963    1.03415 
    5390   -2.67033    0.21852   -0.55768   -0.21588   -0.59899    0.92860   -0.23445 
    5400   -3.54434    0.21852   -0.82109   -0.61348    0.08296   -0.64507   -0.61999 
    5410   -2.75976    0.21852   -1.04279   -0.21953    0.08296    0.78313   -0.47317 
    5420   -2.93506    0.10067   -1.04279   -0.21953    0.08296    0.40313   -1.25424 
    5430   -2.86558    0.10067   -1.04279    0.77114   -0.16852   -0.26663   -0.51758 
    5440   -2.80777    1.27933    0.65750    0.77114   -0.16852   -0.26663   -0.41195 
    5450   -2.84105    1.22791   -0.20149    0.77114   -0.00401    0.39826   -0.41195 
    5460   -3.05323    1.08515   -0.28984    0.77114   -0.00401    0.39847    0.49888 
    5470   -2.52816    0.44754   -0.28984    0.77114    0.01196    0.24989   -0.16013 
    5480   -3.29302    0.24411    0.35495   -0.06374    0.01196    0.24989   -0.06525 
    5490   -3.11530    0.22933    0.35495   -0.06374    0.24685    0.06325   -0.06525 
    5500   -2.77720   -1.06988   -0.59275   -0.06374    0.16328    0.71938    0.29787 
    5510   -2.84353   -0.09776   -0.48567   -0.06374    0.43666   -0.34688   -0.09891 
    5520   -2.66898   -0.01634   -0.48567   -0.06374    0.14299    0.09523    0.85312 
    5530   -2.94371   -0.16101   -0.92511   -0.63298    0.35881    0.14279   -0.68457 
    5540   -3.11766    1.26622   -0.92511   -0.65951   -0.03835    0.14279   -0.68457 
    5550   -3.14796    1.01089    0.34371   -0.87425   -0.03835   -0.17219   -0.68457 
    5560   -2.76501    1.01089    0.34371    0.62490   -0.03835   -0.17219   -0.68457 
    5570   -2.72701    0.94437   -0.06727    0.62490   -0.44309   -0.15865   -0.68457 
    5580   -2.78248    0.94437   -0.06727   -0.55810   -0.63988   -0.15865   -0.48017 
    5590   -2.67632    0.94437   -0.07789   -0.12963   -0.52546    0.25742   -0.48017 
    5600   -2.83317    0.14761    0.29998   -0.12963   -0.52546    0.25742   -0.48017 
    5610   -3.16937    0.14761    0.29998   -0.11951    0.11778    0.25742   -0.44005 
    5620   -2.54228   -0.08468    0.29998    0.20044    0.22806    0.25742   -0.44005 
    5630   -2.36329   -0.08468    0.29998    0.20044    0.22806    0.01484   -0.44005 
    5640   -2.30373   -0.08468    0.00801    0.20044    0.05848    0.01484   -0.72962 
    5650   -2.75122   -0.08468    0.00801    0.85614   -0.67867    0.41616   -0.72962 
    5660   -2.83994    0.59570   -0.46371    0.85614   -0.94755    0.41616    0.23092 
    5670   -2.84766    0.59570    0.21459    0.85614   -0.94755    0.41616    0.23092 
    5680   -2.97356   -0.43586   -0.26593    0.85614   -0.84565    0.78479    0.23092 
    5690   -2.71138   -0.60847   -0.09570   -0.66929    0.26804    0.78479    0.23092 
    5700   -2.82306    0.19903    0.30657   -0.66929    0.26804    0.78479    0.28572 
    5710   -2.76137    0.19903   -0.66266    0.71999    0.18420    0.74967    0.28572 
    5720   -3.10265    0.01405   -0.11349    0.71999    0.18420    0.20079    0.28572 
    5730   -2.42684    0.01405   -0.16648    0.71999    0.18420    0.20079   -0.31925 
    5740   -2.95411    0.01405   -0.16648   -0.54627    0.18420    0.20079   -0.31925 
    5750   -2.72515    0.35378   -0.59873   -0.54627   -0.40696    0.20079   -0.37891 
    5760   -2.52017    0.35378   -0.59873   -0.01492   -0.40696    0.20079   -0.37891 
    5770   -2.95848    0.49913   -0.07262   -0.01492    0.41681    0.20079    0.39007 
    5780   -2.76324    0.73525   -0.68032   -0.01492   -0.70888   -0.03570   -0.62623 
    5790   -2.89370   -0.16915    0.24811   -0.73781    0.53384   -0.03570   -0.44755 
    5800   -2.70004    0.09646    0.24004   -0.73781    0.53384   -0.03570    0.91143 
    5810   -2.79354   -0.00419    0.24004   -0.73781   -0.12861   -1.02831    0.91143 
    5820   -3.41529    0.01027    0.24004   -0.31161   -0.37600   -1.02831   -2.07790 
    5830   -2.81704    0.01027    0.24004   -0.13991   -0.37600   -1.02831   -0.78176 
    5840   -2.78898   -0.12952    0.24004    1.04660   -0.42409   -0.75607   -0.29557 
    5850   -2.75559   -0.12952    0.24004    0.29109   -0.69669   -0.75607    0.04148 
    5860   -2.42341   -0.30059    0.24004   -0.17090    0.63050   -0.45316    0.04148 
    5870   -3.25304    0.37473    0.21340   -0.17090    0.74686    0.04024    0.04148 
    5880   -2.89631    0.37473   -0.62244    0.07077    0.74686    0.04024   -0.18937 
    5890   -2.69202   -0.01212   -0.62244    0.07077    0.74686    0.89640    0.06625 
    5900   -2.44407    0.00514   -0.23661    0.32740   -0.16903    0.54561    0.06625 
    5910   -2.53336    0.00514   -0.23661    0.32740    0.42578    0.54561    0.06625 
    5920   -2.50110    0.00514   -0.23661    0.32740    0.42578    0.34095    0.06625 
    5930   -2.50110    0.00514   -0.23661    0.32740    0.42578    0.34095    0.06625 
    5940   -3.05458    0.00514   -0.23661    0.32740   -0.41630   -0.67211    0.06625 
    5950   -3.04281    0.00514    0.33026    0.53007    0.59834   -0.45245    0.86613 
    5960   -2.53466    0.00514    0.33026   -0.35910    0.06582   -0.45245    0.86613 
    5970   -2.61366    0.04516   -0.48437   -0.35910    0.06582    0.59484    0.86613 
    5980   -2.96560    0.04516   -0.48437   -0.08899   -0.80192   -0.37529    0.93988 
    5990   -2.97030    0.04516   -0.22487   -0.08899   -0.80192   -0.37529   -0.06571 
    6000   -2.92687    0.04516   -0.22487   -0.19585   -0.80192   -0.37529   -0.06571 
    6010   -2.83832    0.04516   -0.22487   -0.37448   -0.80192   -0.69532    0.87738 
    6020   -2.93108    0.46396   -0.76509   -0.37448   -0.80192   -0.69532    0.87738 
    6030   -3.14100   -0.02159    0.49995   -0.37448   -0.80192    1.11991    0.56224 
    6040   -3.03256    0.32744   -0.62762    0.82245   -0.05810    1.72669    0.56224 
    6050   -3.08572   -0.32730    0.59396   -0.45617   -0.09957    0.82758    0.07262 
    6060   -2.85621    0.88908   -0.29144   -0.45617   -0.09957   -0.36983    0.02075 
    6070   -2.47071    0.31220    0.09160   -0.45617   -0.09957   -0.36983    0.02075 
    6080   -2.56993   -0.71886    0.09160   -0.45617    0.45454   -0.36983    0.33312 
    6090   -2.36882   -0.40043    0.09160   -0.45617   -0.01630   -0.10436    0.33312 
    6100   -3.38911   -0.40043   -0.94581    1.12842    0.11090   -0.76382    0.33312 
    6110   -2.82533   -0.70907   -0.71623    1.12842    0.11090    0.60457   -0.43357 
    6120   -2.65730   -0.65524   -0.09846    0.58860    0.11090    0.60457   -0.43357 
    6130   -3.67923   -0.65524   -1.45321   -0.60584   -0.26629   -0.73952   -0.36900 
    6140   -2.96757    0.08890   -0.16265   -0.60584   -0.47134   -0.73952   -0.31827 
    6150   -3.07343   -0.28528    0.09851    0.56757   -1.11416   -1.36969   -0.31827 
    6160   -2.80797   -0.28528    0.28327    0.03645   -0.08867   -0.75758   -1.13001 
    6170   -3.63741   -0.04984   -0.22059    0.03645   -0.08867   -0.75758   -0.03143 
    6180   -3.11313   -0.04984   -0.10050    0.03645    0.53220   -0.75758   -0.52421 
    6190   -2.27304   -0.04984   -0.00581    0.03645    0.09114   -0.06386   -0.52421 
    6200   -2.69064   -0.66737   -0.32982    0.59857   -0.17361   -0.06386   -0.46065 
    6210   -3.33867    0.06032   -0.32982   -0.71486   -0.17361   -0.06386   -0.46065 
    6220   -2.89601   -0.65378   -0.59700   -0.04633   -0.17361   -0.06386   -0.55701 
    6230   -2.63176   -0.65378    0.41879    0.70346    0.03881   -0.22457   -0.55701 
    6240   -3.03092   -0.07155    0.36930    0.70346    0.03881   -1.66313    0.62510 
    6250   -2.68827   -0.99939    0.78744   -0.61519    0.03881   -0.15498    0.21261 
    6260   -2.64537   -0.99939    0.36676   -0.39268    0.03881   -0.15498    0.21261 
    6270   -3.29995    0.35623   -0.50783    1.38083    0.17268    0.20016    0.21261 
    6280   -3.58433    0.35623    0.36860    0.90253    0.17268    0.20016    0.21261 
    6290   -2.88077    0.26345    0.36860   -0.24508    0.93172   -0.17214    0.48619 
    6300   -3.23688    0.26345    0.56915   -0.24508    0.93172    0.81095    0.48619 
    6310   -2.93543    1.04237   -0.29544    0.85000   -0.33395    0.81095    0.48619 
    6320   -2.91889   -0.02761    0.34577    0.85000   -0.33395   -0.45485    0.48619 
    6330   -2.56586   -0.02761    0.34577    0.54176   -0.35427   -0.45485   -0.66329 
    6340   -2.65995   -0.02761    0.75458    0.41052   -0.32795   -0.45485   -0.68610 
    6350   -2.76837   -0.02761    0.90391    0.62085   -0.32795   -0.45485   -0.81124 
    6360   -2.60583   -0.02761    0.05755   -0.70172   -0.55833   -0.16809    0.20084 
    6370   -2.55125   -0.02761   -0.07300   -0.70172    0.27584   -0.16809    0.11810 
    6380   -2.47758    0.27815   -0.07300   -0.70172   -0.08342   -0.16809    0.11810 
    6390   -2.54847   -0.21980   -0.07300   -0.70172   -0.08342   -0.12581    0.11810 
    6400   -2.51959   -0.21980   -0.07300   -0.37705   -0.08342   -0.36280    0.15524 
    6410   -3.17864   -0.21980   -0.02155    0.90738   -0.08342   -0.26171    0.15524 
    6420   -3.04903   -0.21980   -0.61619   -0.38866   -0.90067   -0.26171   -0.23704 
    6430   -2.74550    0.13001   -0.63200   -0.38866   -0.92554    0.51475   -0.19655 
    6440   -2.86370    0.37438   -1.03325   -0.13029   -0.92554   -0.25932    0.07191 
    6450   -2.66711   -0.11934   -0.49388   -0.66475    0.67006    0.42777    0.07191 
    6460   -2.40771   -0.11934   -0.28306   -0.66475   -0.06695    0.09862    0.07191 
    6470   -2.75485    0.52794   -0.28306    0.60974   -0.06695    0.09862    0.07191 
    6480   -3.21569   -0.02721   -0.28306    0.60974   -0.03002    0.09862    0.24752 
    6490   -2.81936   -0.42502   -1.12674   -0.03316   -0.03002    0.07500    0.24752 
    6500   -3.17401   -0.42502   -0.03618   -0.50062   -0.03002    0.07500   -0.03358 
    6510   -2.49209   -0.42502   -0.39808    0.11757   -0.03002    0.07500   -0.03358 
    6520   -3.18733   -0.28178    0.22633    0.11757   -0.02409    0.07500   -0.03358 
    6530   -2.79340   -0.85804    0.38767    0.85389    0.06349    0.07500   -0.03358 
    6540   -2.52603    0.45283   -0.54456    0.85389   -0.00294    0.07500   -0.03358 
    6550   -2.49073   -0.13547   -0.31216    0.85389   -0.00294    0.07500   -0.03358 
    6560   -2.99647   -0.13547   -0.69945   -0.50185   -0.00294    0.07500   -0.21151 
    6570   -2.63942   -0.13547    0.74743   -0.50185   -0.17085   -0.54022   -0.21151 
    6580   -2.45505    0.74056    0.15917    0.48415   -0.17085    0.08900   -0.21151 
    6590   -2.55402    0.22086   -0.09265    0.48415   -0.78864    0.00647   -0.21151 
    6600   -2.70525    0.22086   -0.62621   -0.03969   -0.78864    0.00647   -0.45308 
    6610   -2.60934    0.79517   -0.02492    0.33315   -0.78864   -0.01558   -0.03892 
    6620   -3.02036   -0.79821    0.60665    0.33315    0.58135    1.31816   -0.03892 
    6630   -2.84285   -0.68806   -0.57833    0.83479    0.29259    0.41656    0.37609 
    6640   -2.66547   -0.91570   -0.84567   -0.11788    0.29259    0.45086    0.12689 
    6650   -2.53632   -0.72778   -0.01347   -0.12409    0.29259    0.45086    0.12689 
    6660   -3.58284    0.17717    0.54677   -0.12409    0.51394    1.15468    0.12689 
    6670   -2.56493   -0.24539    0.88848   -0.12409   -0.17946   -0.30006   -0.11565 
    6680   -2.91769   -0.24539    1.09675   -0.12409   -0.17946   -0.30006    1.26213 
    6690   -2.77500   -0.24539    1.09675   -0.12409   -0.17946   -0.30006    0.69586 
    6700   -2.73515   -0.24539    0.60353   -0.12409   -0.17946    0.12602    0.69586 
    6710   -2.52572    0.00190   -0.62816   -0.12409    0.25640    0.12602    0.42594 
    6720   -3.19819   -0.23246    0.81809    0.54194    0.25640    0.29675    0.42594 
    6730   -2.70207    0.48647    0.81809   -0.56151    0.25640   -0.46993    0.06688 
    6740   -2.82412    0.48647    0.01628    0.18378    0.25640   -0.52010    0.06688 
    6750   -2.66379    0.48647    0.78590   -0.54174   -0.18784   -0.67637    0.13472 
    6760   -2.67982    0.55626    0.78590   -0.55386   -0.18784   -0.67637    0.13472 
    6770   -2.82621    0.55626    0.26666   -0.55386   -0.18784    0.89779    0.13472 
    6780   -2.66826    0.55626   -0.21295    0.02985   -0.18784    0.89779   -0.39495 
    6790   -2.69165   -0.28853   -0.21295    0.02985   -0.18784    0.16279   -0.67344 
    6800   -3.08281   -0.28853   -0.21295    0.02985   -0.18784   -0.58822   -0.67344 
    6810   -2.72156    0.43257   -0.21495    0.02985   -0.18784   -0.58822   -0.35701 
    6820   -2.81039    0.21508   -0.21495    0.02985   -0.41847   -0.58822   -0.35701 
    6830   -3.36303   -1.11919   -1.56685   -0.16909    0.13680   -0.58822   -0.35701 
    6840   -2.80653   -1.11919   -0.07985   -0.16909    0.29349   -0.58822    0.59350 
    6850   -2.75870   -1.11919   -0.07985   -0.16909    0.47036    0.47516   -0.42178 
    6860   -3.03017    0.16427    0.59725   -0.16909    0.75811    0.47516    0.41917 
    6870   -2.52803    0.16427   -0.51491   -0.39308   -0.40243    0.47516   -0.12478 
    6880   -2.46908    0.22425   -0.51491   -0.39308   -0.40243    0.39728    0.05511 
    6890   -2.54340    0.28519   -0.54684   -0.48627   -0.40243    0.02316    0.05511 
    6900   -2.59872    0.28519   -0.78019    0.06587   -0.40243    0.02316    0.05511 
    6910   -2.90931    0.28519   -1.07983    0.12344    0.27663    0.02316    0.61215 
    6920   -2.95694    0.28519   -1.24064    0.12344    0.09439    0.02316    0.49614 
    6930   -2.62127    0.28519   -0.87138   -0.29231    0.09439    0.27233    0.49614 
    6940   -2.78976    0.38797   -0.87138    0.14870   -0.01219    0.08560    0.49614 
    6950   -3.46963    0.38797    0.24130    0.35799    0.80343    0.08560    0.49614 
    6960   -3.51305    0.38797    0.24130    0.35799    1.13160    0.14989    0.49614 
    6970   -2.86066   -0.16894    0.30185    0.25076    1.13160    0.14989    0.37534 
    6980   -3.03281   -0.16894    0.30185    0.41909    2.03651    0.14989   -0.64993 
    6990   -3.12857   -0.16894    0.34609    0.41909    2.03651    0.03760    0.51401 
    7000   -2.86921   -0.16894   -0.39068    0.41909    0.94738   -0.01492    0.51401 
    7010   -2.69257   -0.16894   -0.39068   -0.45645    0.94738   -0.01492    0.51401 
    7020   -2.52267    0.10431   -0.39068   -0.45645   -0.47121   -0.01492    0.51401 
    7030   -2.55639    0.10431   -0.39068    0.74424   -0.10145   -0.01492   -0.63553 
    7040   -2.68029    0.10431   -0.39068    0.74424    0.45548   -0.23350   -0.63553 
    7050   -2.99688    0.10431   -0.39068    0.74424    0.44111   -0.23350    0.11515 
    7060   -3.03681    0.10431   -0.75209   -0.20424   -0.52082   -0.68572    0.11515 
    7070   -2.82667    0.10431   -0.75209   -0.20424   -0.47514   -0.13013    1.03532 
    7080   -2.96381    0.10431   -1.31886    0.00677   -0.47514   -0.13013   -0.49054 
    7090   -3.04393   -0.59602   -0.61504    0.55927   -0.47514   -0.13013   -0.19202 
    7100   -2.57084   -0.11575   -0.00690    0.55927   -0.47514   -0.13013   -0.19202 
    7110   -2.63436   -0.11575   -0.57087    0.68135    0.49053    0.01959   -0.19202 
    7120   -2.95233   -0.32526   -0.75010   -0.69469    0.47493    0.01959   -0.70255 
    7130   -2.53609   -0.32526    0.22899   -0.69469    0.26293    0.01959    0.61526 
    7140   -2.78365   -0.32526   -0.72932   -0.54938    0.26293    1.00002    0.61526 
    7150   -2.87983   -0.32526    0.28488   -0.67587    0.47830    0.52413   -0.34207 
    7160   -3.01825   -0.71562    0.28488    0.88609    0.05768    0.52413    0.11099 
    7170   -2.87015   -0.71562    0.28488    0.31900    0.05768    0.52413    0.11099 
    7180   -2.71152    0.50426   -0.01281    0.31900    0.05768    0.50649    0.11099 
    7190   -2.80068    0.50426    0.30363    0.31900    0.05768    0.50649   -0.20502 
    7200   -2.66882   -0.24985    0.30363    0.31900    0.24959    0.50649   -0.20502 
    7210   -3.47211   -0.24985    0.58591    0.31900   -0.08258    0.50649    0.33376 
    7220   -2.73434   -0.20206    0.24392    0.31900    0.41847    0.50649    0.04696 
    7230   -2.63078   -0.31184    0.18381    0.31900    0.41847    0.50649    0.04696 
    7240   -2.65501   -0.31184    0.18381   -0.53262    0.24674    0.50649    0.04696 
    7250   -3.17421   -0.31184    0.12587    0.74623    0.24674    2.07387    0.04696 
    7260   -3.29091   -0.31184    0.12587   -0.09584    0.24674    2.07387    0.04696 
    7270   -3.18981   -0.98489    0.12587   -0.09584    0.17166    2.26113   -0.13153 
    7280   -3.22168   -0.90627   -1.25302   -1.04212   -0.34008    2.26113   -0.13153 
    7290   -2.73766    0.21947   -0.90580   -0.80238   -0.16009    0.55078   -0.13153 
    7300   -3.23846    0.10047   -0.90580    0.33360   -0.16009   -0.54416   -0.13153 
    7310   -2.81655    0.10047    0.01587    0.33360    0.59618    0.93424   -0.62197 
    7320   -2.77787   -0.24849    0.01587   -0.49301    0.85411    0.93424    0.39315 
    7330   -3.01424   -0.24849   -0.02400   -0.49301    1.89418    0.93424    0.81202 
    7340   -3.02431   -0.14886    0.17148   -0.66864    1.89418   -0.56573    0.81202 
    7350   -3.07735    0.14049    0.23749    0.91652    1.61876   -0.56573    0.15569 
    7360   -3.26335    0.76636    0.17194    1.01919    1.61876   -1.78756   -1.39885 
    7370   -2.81878    0.76636    0.17194    1.01919   -0.16012   -0.45812   -0.83145 
    7380   -2.99621    1.10758    0.04183    0.72535   -0.16012   -0.56952    0.70895 
    7390   -3.11294    0.01732    0.04183    0.72535    0.60366   -0.56952    0.70895 
    7400   -2.60247    0.01732    0.04183   -0.28343    0.60366   -0.56952    0.76712 
    7410   -2.53590    0.01732   -0.14073    0.24324    0.60366    0.58637   -0.44546 
    7420   -3.16875    0.01732    1.22561    0.24324    0.60366    1.01117   -0.44546 
    7430   -3.25954    0.46102    1.22561    1.26936    0.21815    1.01117   -0.13377 
    7440   -2.66702   -0.34971    0.42928   -0.24507    0.21815    0.36104    0.65202 
    7450   -2.53980   -0.63487    0.42928   -0.38134    0.21815   -0.31741   -0.15155 
    7460   -2.87280   -0.63487    0.95344   -0.38134    0.07012   -0.14385   -0.36808 
    7470   -3.06785   -0.63487    1.36022   -0.38134    0.07012    0.30865    0.52689 
    7480   -2.61989   -0.63487   -0.03825    0.25232    0.07012    0.30865    0.10706 
    7490   -3.03347   -0.79942   -0.41334   -1.10053    0.07012    0.30865   -0.21091 
    7500   -2.96747   -1.45752   -0.41334   -1.10053    0.21904    0.46700    0.72581 
    7510   -3.00647   -0.57810   -0.41334    0.44597    0.21904   -0.58678    0.73340 
    7520   -2.76254   -0.59216    0.84349   -0.07639    0.21904   -0.58678   -0.70448 
    7530   -3.10016   -1.17692    0.26338   -0.07639   -0.28285   -0.32015    0.20064 
    7540   -3.10884   -1.25699    1.80549   -0.57962   -0.28285   -0.32015    0.20064 
    7550   -2.99584   -1.25699    1.80549   -0.91549    0.40143   -0.32015    0.20064 
    7560   -2.91260   -1.25699    0.39881    0.38253    0.28544    0.49776    0.20064 
    7570   -2.97152   -1.25699   -0.10415   -0.14917    1.22503    0.96335    0.10179 
    7580   -2.84638   -1.11837   -0.10415   -0.14917   -0.05000    0.67037    0.10179 
    7590   -3.10245   -1.11837   -0.10415   -0.14917   -0.74762    0.67037    0.10179 
    7600   -3.10023   -1.11837    1.18764    0.65713   -0.76191   -0.51369    0.10179 
    7610   -3.19657   -1.11837    0.88327    1.43037   -0.76191   -0.51369    0.10179 
    7620   -3.13729   -1.11837    0.59832    1.43037   -1.00019    0.19492   -1.30517 
    7630   -3.08302   -1.13216   -0.57900    1.19390   -1.00019    0.30066   -0.98319 
    7640   -2.89611   -1.13216   -0.16697   -0.27062    0.62158    0.30066   -0.98319 
    7650   -3.10118   -1.13216   -0.16697   -0.27062   -0.53900    0.30066   -1.19046 
    7660   -3.23073   -0.12263   -0.18839   -0.27062   -0.16472    0.30066   -0.93361 
    7670   -2.68041   -0.12263   -0.18839    0.88290   -0.16472    0.30066   -0.87295 
    7680   -2.95200   -0.12263   -0.85484    0.88290    1.00294    0.80771    0.41355 
    7690   -2.91724    0.29550    0.15553    0.88290   -0.50982    1.06779    0.09767 
    7700   -2.62780    0.29550   -0.44381    0.88290    0.11020   -0.08777   -0.27044 
    7710   -2.92949    0.29550   -0.19667   -0.52241    0.11020    0.25569   -0.27044 
    7720   -2.80703   -0.81145    0.21085   -0.52241    1.08465    0.25569   -0.27044 
    7730   -2.88424   -0.14731    0.21085   -0.52241    1.09369    0.25569   -0.27044 
    7740   -2.98711   -0.14731    0.21085   -0.52241    1.09369   -0.30580   -0.66938 
    7750   -2.73756   -0.14731    0.24171    0.17188    1.09369    0.12057    0.06792 
    7760   -2.51442   -0.14731    0.24171    0.87826   -0.03811    0.12057   -0.22209 
    7770   -2.67784   -0.14731   -0.48946    1.04553   -0.03811   -0.12863   -0.22209 
    7780   -2.69230    0.44324   -0.48946    1.04553   -0.03811   -0.12863   -0.22209 
    7790   -2.36160   -0.00697    0.61233    0.50118   -0.03811   -0.12863   -0.22209 
    7800   -2.66954    0.57407    0.61233    0.50118    0.25573   -0.43450   -0.35022 
    7810   -2.72327   -0.52769    0.15560    0.50118   -0.44211   -0.43450   -0.35022 
    7820   -2.37008   -0.01505    0.15560    0.07565    0.43179   -0.66164   -0.35022 
    7830   -2.53355   -0.73289    0.15560    0.07565    0.50567   -0.28637   -0.35022 
    7840   -2.64151   -0.73289    0.15560    0.07565    0.50567   -0.36563   -0.64376 
    7850   -2.58518    0.53628    0.15560   -0.67943   -0.48623   -0.36563    0.12324 
    7860   -2.48552   -0.33298    0.15560   -0.67943    0.41055   -0.06334    0.39234 
    7870   -2.78883   -1.06272    0.53279    0.47641    0.41055   -0.16084    0.39234 
    7880   -2.58825   -0.73578    0.17188   -0.34232    0.41055   -0.16084   -0.30858 
    7890   -2.88840   -0.56079    0.17188   -0.34232    0.05508    0.27371   -0.23897 
    7900   -2.55511   -0.56079   -0.35045   -0.42300   -0.10982    0.27371    0.19835 
    7910   -2.87065   -0.56079   -1.15041   -0.42300    0.97888    0.27371    0.21836 
    7920   -3.04089   -0.17201   -1.24848    1.13705    0.97888   -0.39577   -0.37608 
    7930   -2.96997    0.35758    0.31940   -0.28216    0.81286   -0.86687   -0.37608 
    7940   -2.63342   -0.69652    0.10116   -0.28216    0.81286    0.01703    0.52542 
    7950   -2.92937   -0.11859    0.01458    0.11528    0.81286    0.01703    0.77321 
    7960   -2.64533   -0.11859   -0.33350   -0.34171    0.79829    0.01703    0.73287 
    7970   -2.31316   -0.11859    0.33668   -0.34171    0.06421   -0.13264    0.43529 
    7980   -2.23059   -0.11859    0.48733    0.42109    0.06421   -0.13264   -0.11057 
    7990   -2.66618    0.03153   -0.33345    0.36121    0.06421   -0.13264   -0.11057 
    8000   -2.48513    0.38671   -0.33345    0.41388    0.12448    0.27771   -0.11057 
    8010   -2.86913    0.51046   -0.10071    0.41388   -0.39182   -1.20319   -0.06541 
    8020   -3.04430    0.32950   -0.23949    0.41388    0.00474   -1.20319   -0.06541 
    8030   -2.84005   -0.32717    1.11688    0.00872   -0.66809   -0.85211   -0.06541 
    8040   -3.16701   -0.75750   -0.28764    0.00872   -0.66809    0.18042   -0.06541 
    8050   -2.96230   -0.75750   -0.79999   -0.17078   -0.66809    0.24933    0.19245 
    8060   -3.01633   -0.75750   -1.29102   -0.17078   -0.48757    0.24933   -0.53024 
    8070   -3.21780   -0.75750    0.32124   -0.17078   -0.48757    0.91686   -0.53024 
    8080   -3.62835   -0.07477    0.32124   -0.02126    0.21752    1.39736   -0.02450 
    8090   -2.75776   -0.07477    0.09087   -0.02126    0.21752    0.31859    0.34001 
    8100   -2.58840   -0.13179    0.09087    0.02008    0.21752    0.31859   -0.29972 
    8110   -2.79439   -0.13179    0.09087   -0.37966    0.21752   -0.10712   -0.29972 
    8120   -3.04576   -0.13179    0.09087   -0.37966    0.10609   -0.02909   -0.29972 
    8130   -2.67302   -0.13179    0.56584    0.38213   -0.29066   -0.02909   -0.08032 
    8140   -2.68775   -0.13179    0.66712    0.38213   -0.39958    0.07182   -0.63374 
    8150   -2.57127   -0.13179   -0.52065    0.19696   -0.39958    0.07182   -0.33815 
    8160   -2.68832   -0.13179    0.62549    0.19696   -0.39958    0.07182   -0.47887 
    8170   -3.10246   -1.27571   -0.83604    0.19696   -0.39958    0.07182    0.90773 
    8180   -3.65572   -1.27571   -0.69314   -0.65850   -0.39958   -0.10050   -0.28629 
    8190   -3.24154   -0.44020   -0.69314    0.59815   -0.35051   -0.07590    0.59324 
    8200   -2.69161   -0.42461   -0.69314   -0.02252   -0.35051    0.26814    0.27833 
    8210   -2.47856    0.17445    0.03998   -0.24284    0.26190    0.18734    0.27833 
    8220   -3.22278   -0.00648    0.03998   -0.24284    0.29364    0.18734   -0.36521 
    8230   -2.50095    0.12848    0.03998    0.29081    0.39762    0.18734   -0.36521 
    8240   -2.57117    0.12848    0.18949    0.29081    0.39762    0.18734   -0.36521 
    8250   -2.36608    0.12848   -0.44015    0.29081   -0.21334    0.07605   -0.36521 
    8260   -2.84409    0.49465   -0.75354    0.29081   -0.21334    1.34222   -0.36521 
    8270   -3.02083    0.49465   -0.75354    0.46188   -0.21334   -0.21342    0.53167 
    8280   -2.55994    0.49465   -0.64906    0.46188   -0.21334    0.23711   -0.46618 
    8290   -3.18052    0.21118   -0.64906    1.23019   -0.21334    0.23711    0.49130 
    8300   -2.85049    0.21118   -0.69822    0.84643   -1.02102    0.23711   -0.56823 
    8310   -3.12663    1.61230   -0.35742    1.23752   -1.02102    0.23711   -1.10245 
    8320   -2.89333   -0.22459   -0.35742    0.71226   -1.02102    0.23711   -1.10245 
    8330   -3.01699   -0.22459    0.30370    0.63871    0.83067    1.37169   -0.87207 
    8340   -2.98688   -0.21969    0.30370    0.86936   -0.15737    1.37169   -0.87207 
    8350   -2.99287   -0.21969   -0.39183    0.81231   -1.13857    1.24558   -0.23072 
    8360   -2.87410    0.34599   -0.65156    0.81231   -0.18230    1.24558    0.13811 
    8370   -2.94443    0.43867   -0.44247    0.81231   -0.18230    1.24558    0.58799 
    8380   -3.06669    0.43867   -0.20733    0.81562   -0.18230    0.15759    0.58799 
    8390   -3.04505    0.95561   -1.66406   -0.84715   -0.18230   -0.08243    0.58799 
    8400   -3.02583    0.95561   -1.66406   -0.84715   -0.18230   -0.04622    0.48595 
    8410   -3.34379    0.95561   -1.66406    0.44263    0.47490   -0.04622    0.48595 
    8420   -2.90161   -1.19828   -0.93136    0.44263    0.47490   -0.04622    0.35354 
    8430   -2.99509   -1.19828   -1.08603    0.44263    0.47490    0.39685   -1.06109 
    8440   -2.92108   -0.70946   -1.08603    0.44263   -0.51305    0.66512   -0.77780 
    8450   -2.90694   -0.70946   -0.22847    0.44263   -0.51305    1.00067   -0.77780 
    8460   -2.67917    0.50908   -0.22847    0.44263   -0.51305    0.82318    0.11365 
    8470   -3.23602   -0.60515   -0.22847    0.44263   -0.92926    0.48812    0.59166 
    8480   -2.80588   -0.14657   -0.22847   -0.74504   -0.92926    0.48812    0.23262 
    8490   -2.46302    0.29380   -0.22847   -0.27109   -0.44246    0.48812   -0.15692 
    8500   -2.84504   -0.74479   -0.77221   -0.27109   -0.44246    0.64411    0.68847 
    8510   -3.30742   -0.56626    0.30393   -0.27109   -0.44246    0.64411   -0.28199 
    8520   -2.84204    0.39192   -0.11933    0.38218   -0.44246    0.63836   -1.54479 
    8530   -2.83992    0.39192   -0.11933    0.31752   -0.44246    0.63836   -1.54479 
    8540   -2.97588    0.42504   -0.17241    0.31752    0.56773    0.78452   -1.54479 
    8550   -2.66537   -0.57551   -0.17241    0.31752    0.66164    0.78452   -0.35770 
    8560   -2.80786    0.50632   -0.17241   -0.88369    0.66164    0.27304    0.59898 
    8570   -2.65026    0.62704   -0.17241   -0.88369   -0.26780    0.16284    0.59898 
    8580   -2.82610    0.62704    0.32991    0.26258    0.59312   -0.45257   -0.57934 
    8590   -2.93868   -0.23162    0.32991    1.53283    0.59312   -0.45257   -0.83015 
    8600   -2.66747    0.34736    0.32991    0.67350    0.11938   -0.45257   -0.83015 
    8610   -2.88129    0.34736    0.32991    0.62221    0.11938   -0.45257    0.52328 
    8620   -2.91712    0.34736    0.52108    0.62221   -0.48264   -0.45257    0.92518 
    8630   -2.95775    0.18878    1.01965    0.81412    0.27761   -0.45257    0.67730 
    8640   -2.94403    0.18878    0.33075    0.81412    0.04206   -0.65145    0.67730 
    8650   -2.86917    1.18911    0.33075   -0.24212    0.04206   -0.65145    0.67653 
    8660   -2.95776    1.07418    0.33075   -1.05483    0.04206   -0.93572    0.67653 
    8670   -3.10949    1.07418    0.33075   -0.55528    1.05859   -0.93572   -0.21161 
    8680   -3.11147    1.07418    0.33075   -0.32887    1.05859   -0.45526    0.28374 
    8690   -3.38236    1.07418    0.88389    0.92243    0.48010   -0.14409    0.28374 
    8700   -3.52145    1.14899    0.10611    0.17436    0.48010   -0.14409    0.18886 
    8710   -2.93387    0.51939   -0.38610   -0.63471    0.48010   -0.13685    0.18886 
    8720   -2.66375   -0.47069   -0.52743   -0.63471    0.01842   -0.10171    0.18886 
    8730   -3.05973   -0.01930   -0.54452    1.41201   -0.80788   -0.10171    0.18886 
    8740   -3.12174   -0.01930    0.03561    1.41201   -0.80788   -1.63658   -0.98670 
    8750   -2.77777   -0.01930    0.03561    0.63251   -0.32539    0.88334   -0.98670 
    8760   -2.74637   -0.47833    0.03561    0.57240   -0.17538    0.52092   -0.98670 
    8770   -2.82912   -0.52952    0.03561    0.16691   -0.17538    0.52092   -0.98670 
    8780   -2.90103   -0.33683    1.18785   -1.41346   -0.17538   -0.04463    0.35036 
    8790   -2.41082    0.11177    0.12072   -0.76555   -0.17538   -0.05873    0.35036 
    8800   -2.27897    0.11177    0.29166   -0.30486   -0.17538   -0.02105    0.35036 
    8810   -2.55283   -0.41861    0.29166   -0.30486   -0.17538   -0.50007    0.02991 
    8820   -2.91502   -0.04968    0.79284    0.67947   -0.17538    0.74042   -0.95657 
    8830   -3.01008   -0.74042    0.79284    0.67947    1.26679   -0.70704   -0.95657 
    8840   -2.89600   -0.74042    0.22652   -0.15100    0.33204    0.71477   -0.89172 
    8850   -2.91390   -0.38015    0.22652   -0.15100    0.21992    0.71477   -0.40952 
    8860   -3.24015   -0.38015    0.22652   -0.69506   -0.53042    0.46516   -0.39682 
    8870   -3.59563   -0.18495    0.22652   -0.69506    0.38266    0.46516   -1.91385 
    8880   -2.79438   -0.18495   -0.26668   -0.69506    0.38266    0.46516   -0.42035 
    8890   -2.82477   -0.92245   -0.32280   -0.69506    0.38266    0.46516   -0.42035 
    8900   -2.68057   -0.45382   -0.32280   -0.48401    0.27169    0.46516   -0.42035 
    8910   -2.86487   -1.19308   -0.32280   -0.48401    0.43020   -0.67753    0.43664 
    8920   -2.65932   -0.07143   -0.72928   -0.30225    0.43020   -0.06744    0.43664 
    8930   -2.80035   -1.13709   -0.72928    0.20432    0.43020   -0.06744    0.33229 
    8940   -2.62929   -0.24327   -0.72928    0.27634    0.43020   -0.06744   -0.22315 
    8950   -2.46186   -0.24327   -0.58369    0.27634    0.43020    0.30810   -0.22315 
    8960   -2.73073   -0.24327   -0.58369    0.93142    0.36701    0.30810    0.06041 
    8970   -2.89221    1.62975   -0.58369    0.93142   -0.40995    0.30810   -0.21605 
    8980   -2.98407    0.77034    1.10602    0.93142   -0.40995    0.30810   -0.17586 
    8990   -2.97391    0.20957    1.10602    1.36785   -0.36270    0.31490   -0.69678 
    9000   -3.12197   -1.37100    1.22510    1.36785    0.84641    0.31490   -0.77038 
    9010   -2.92888   -0.66418    0.21882    1.36785    0.84641    0.31490   -0.64348 
    9020   -2.79310   -0.66418   -0.72104    0.05973    1.03680    0.31490   -0.45395 
    9030   -2.86039   -0.76745   -0.72104    0.05973   -0.23121    1.10745    0.45973 
    9040   -2.73799   -0.88973   -0.16301    0.18649    0.69859    0.56140    0.45973 
    9050   -2.95386   -0.88973   -0.16301   -0.01131   -0.41559    1.20938   -0.02848 
    9060   -3.22903    0.04954   -0.16301   -0.32699   -0.50549    0.70026   -1.12869 
    9070   -3.47819    0.04954   -0.15765   -0.32699    0.25119   -0.54374   -0.47764 
    9080   -3.43554    0.04954    0.17191   -0.32699    0.18080   -0.38518   -1.34866 
    9090   -3.35197   -0.18398    0.12051   -0.32699    0.60031    1.14077   -1.01905 
    9100   -2.74820   -0.18398    0.12051    0.23817    0.60031    0.67695   -0.00364 
    9110   -2.58566    0.04841    0.12051    0.23817   -0.15176    0.21619   -0.00364 
    9120   -2.40520    0.37673   -0.40141    0.23817   -0.15176    0.24058   -0.43211 
    9130   -2.72841    0.37673   -0.02203    0.88024   -0.15176   -0.73850   -0.43211 
    9140   -2.60309    0.37673   -0.02203    0.88024   -0.33912    0.19317   -0.55984 
    9150   -2.66732    0.34298   -0.12582    1.17114   -0.33912    0.19317   -0.26648 
    9160   -2.73552    0.34298   -0.12582   -0.61997   -0.33912    0.19317   -0.29917 
    9170   -2.78142    0.34298    0.27057   -0.22227   -0.33912    0.51110   -0.29917 
    9180   -2.76180    0.34298    0.27057   -0.22227   -0.33912   -1.37403    0.49123 
    9190   -2.58073   -0.24308    0.27057    0.11016   -0.33912   -0.46595    0.17133 
    9200   -2.89192   -0.24308    0.18017    0.97502    0.40947    0.56967    0.17133 
    9210   -2.91526    0.44403   -0.37262   -0.10540    0.40947    0.14985   -0.73955 
    9220   -2.74160   -0.30228    0.24918   -0.03671    0.15361    0.14985   -0.73955 
    9230   -2.54458   -0.30228    0.24918    0.20276    0.15361    0.14985    0.02946 
    9240   -2.60224    0.29564    0.24918    0.52891    0.15361   -0.53674    0.02946 
    9250   -2.70020    0.29564    0.65227    0.79882    0.15361   -0.53674    0.02946 
    9260   -3.07138    0.29564    0.65227    0.74756    0.35675    0.02939    0.02946 
    9270   -2.85564    0.19305    0.64203    0.86266   -0.98815    0.02939    0.02946 
    9280   -2.67739   -0.05189   -0.43860    0.19491   -0.29190    0.02939    0.18046 
    9290   -2.20791   -0.20365    0.10624    0.07565    0.31261   -0.13821    0.18046 
    9300   -2.21151   -0.20365    0.10624    0.07565    0.31261   -0.07906    0.18046 
    9310   -2.74056   -0.20365    0.10624    0.07565    0.00321    0.11551    0.18046 
    9320   -3.39389   -0.20365    0.10624    0.07565   -0.30568    0.96325    0.18046 
    9330   -3.20530   -0.20365    0.10624    0.07565   -0.30568    0.96325   -0.56243 
    9340   -2.52230   -0.20365    0.10624    0.34543   -0.30568   -0.39920   -0.62834 
    9350   -2.60098   -0.20365    0.10624    0.34543   -0.30568    0.39966   -0.62834 
    9360   -2.68835   -0.20365    0.10624    0.34543   -0.29776    0.23535   -0.10528 
    9370   -2.60862   -0.20365    0.10624    0.55112   -0.10682    0.23535   -0.10528 
    9380   -2.51352   -0.20365   -0.82844    0.55112   -0.10682    0.23535   -0.10528 
    9390   -2.79843   -0.88814   -0.58925    0.72550   -0.03224    0.69415   -0.10528 
    9400   -2.45183    0.12488   -0.58925   -0.19579   -0.03224    0.59861   -0.10528 
    9410   -2.51454    0.12488   -0.58925    0.26547   -0.03224    0.70858    0.09927 
    9420   -3.43616   -0.40509   -0.58925   -0.35662   -0.03224   -0.12770    0.02136 
    9430   -2.52757   -1.00797    0.14278    0.53113    0.19908   -0.12770   -0.10607 
    9440   -2.63241   -1.00797    0.14278   -0.44227    0.19908   -0.12770   -0.10607 
    9450   -3.09168    0.61824   -0.11484   -0.44227    0.25778    0.26153   -0.10607 
    9460   -2.78803    0.61824   -0.11484    0.98601   -0.45149    0.67876   -0.10607 
    9470   -2.57631    0.61824   -0.11484    0.22804   -0.25638   -0.50330   -0.10607 
    9480   -2.94744    1.63165   -0.11484    0.22804   -0.25638   -0.63665   -0.10607 
    9490   -3.24170    0.10018   -0.11484   -0.21058   -0.25638   -0.63665   -0.41504 
    9500   -3.01355    0.10018   -0.95345   -0.21058   -1.02103   -0.63665    0.07480 
    9510   -2.79054    0.21381   -0.19851   -0.21058   -1.02103   -0.63665    0.23391 
    9520   -2.60491   -0.63628    0.54921   -0.21058    0.02623   -0.63665    0.23391 
    9530   -2.72047    0.60111    0.54921   -0.21058   -0.89759   -0.65935    0.23391 
    9540   -2.99497    0.10183   -0.79275   -0.21058   -0.91209   -0.65935    0.23391 
    9550   -3.06709   -0.47515    0.53877   -0.21058   -1.38841   -0.62091    0.23391 
    9560   -2.59520   -0.41988    0.53877    0.23952   -0.04939   -0.79759   -0.20799 
    9570   -3.22145   -0.41988   -0.58164   -0.21595   -0.04939   -0.79759   -0.20799 
    9580   -2.89209    0.64082   -0.55962    0.55804   -0.87000   -0.79759    0.01240 
    9590   -3.13593    0.30914   -0.62645   -0.60669   -0.47366   -0.77618   -0.64771 
    9600   -3.08427    0.11296    0.17925   -0.60669   -0.28884   -0.10254   -0.64771 
    9610   -3.08521    0.11296   -1.32287   -0.60669   -0.53922   -0.10254   -0.53384 
    9620   -3.01501    0.01874   -0.11171   -0.60669   -0.53922   -0.13153   -0.47606 
    9630   -2.58042    0.01874   -0.11171   -0.45808   -0.53922    0.18734    0.89743 
    9640   -2.64656    0.45906   -0.11171   -0.45808   -0.53922    0.33383    0.89743 
    9650   -2.71978    0.49721   -0.11171   -0.10249   -0.53922    0.97927    0.59328 
    9660   -2.94270    0.58035   -0.11171   -0.10249    0.28833    1.23878    0.59328 
    9670   -3.05398    0.58035   -0.11171    0.94564   -1.64822    0.58118    0.59328 
    9680   -3.26274    0.58035   -0.42149    0.94564   -1.64822    2.39749    0.59328 
    9690   -3.34012    0.33775    0.21017    1.11055   -1.64822    2.39749    0.60270 
    9700   -3.23694    0.33775   -0.93444    0.14906   -1.64822    0.88158    2.17161 
    9710   -2.97594    0.63260   -0.51449    0.14906   -1.64822    0.94197    0.60778 
    9720   -3.02541    0.63260   -0.51449    0.28664   -1.64822    1.23085    0.60778 
    9730   -3.17751   -0.63070   -0.51449   -0.39629   -1.64822    0.92339    0.01774 
    9740   -3.37448   -0.70181   -0.65893    0.50586   -1.64822   -0.60210    0.01774 
    9750   -2.70766   -0.28737   -1.05823    0.35363   -0.29912    0.58902    0.01774 
    9760   -3.26566   -0.28737    0.34427    0.51967   -0.29912    0.58902    0.30599 
    9770   -2.72622   -0.28737    0.20085    0.51967   -0.00856    0.58902   -0.11280 
    9780   -2.93676    0.98607    0.20085   -0.56169   -0.00856    0.77247   -0.11280 
    9790   -2.60391   -0.30034    0.37496   -0.59032   -0.00856   -0.46793   -0.11280 
    9800   -2.41305    0.39718   -0.51277   -0.46868   -0.00856    0.28134    0.15209 
    9810   -2.93510    0.39718    0.13743    0.37660   -0.00856    0.28134    0.15209 
    9820   -2.38641    0.13918   -0.64524    0.14923   -0.00856    0.28134    0.15209 
    9830   -2.56360    0.13918   -0.60799   -0.23198    0.34811    0.28134   -0.15461 
    9840   -2.81959    0.48715   -0.60799   -0.07530   -0.31840   -0.42217   -0.15461 
    9850   -2.75418    0.48715   -0.50810   -0.07530   -0.31840   -0.42217   -0.15461 
    9860   -2.94764    0.48715    0.63138    0.24788   -0.31840    0.05559    1.20368 
    9870   -2.98204    0.61720   -0.72393    0.50900   -0.31840    0.13035    1.20368 
    9880   -2.77196    0.13123   -0.72393    1.16130   -0.31840    0.13035   -0.11012 
    9890   -2.78851    0.97711    0.70377   -0.75144   -0.59555   -0.27716    0.39592 
    9900   -2.95110    1.21725    0.68781   -0.70223   -1.10267   -0.27716    0.39592 
    9910   -3.01176    1.21725    0.68781   -0.70223   -1.10267   -0.65086    0.71212 
    9920   -2.94938    0.10136    0.39349    0.55642   -0.95549   -0.65086    0.71212 
    9930   -3.63490    0.10136    0.63554    0.55642    0.06113    0.37260    0.41314 
    9940   -3.21449   -0.05520    0.63554    1.39834    0.04372   -0.32792    0.41314 
    9950   -2.92945   -0.05520    0.40216    0.32087    0.76516   -0.32792    0.80560 
    9960   -2.67515    0.42438    0.40216   -0.56543    0.26455   -0.32792    0.80560 
    9970   -2.67546    0.42438   -0.73808    0.56342    0.01339    0.06331   -0.66004 
    9980   -2.55290   -0.07814   -0.13055    0.56342    0.01339   -0.45413   -0.66004 
    9990   -2.43693    0.23976   -0.13055    0.36174    0.01339   -0.12338   -0.66004 
