     tau         EL         x1         y1         z1         x2         y2         z2
       0   -3.39546   -0.57028   -0.05705   -0.31574   -0.90247    0.03226   -0.06523 
     100   -3.39309   -0.74603   -0.24031    0.25821   -0.24151    0.10212    0.04153 
     200   -3.08676    0.11856    0.36790   -0.62012   -0.01674   -0.10633   -0.16391 
     300   -3.08163   -0.79253    0.17484   -0.10757   -0.67644   -0.30918    1.43046 
     400   -3.05308   -0.69482   -0.13934   -0.42364   -0.39836   -0.40279    0.10566 
     500   -2.91140    1.11783    0.92510    0.49762   -0.03210   -0.48807   -0.96643 
     600   -2.96968    1.01878   -0.83610    0.67542    0.09264    0.00900   -1.36085 
     700   -2.91172    0.16376   -0.59042   -0.65667   -1.22424    0.80532    1.03653 
     800   -3.37837   -1.37552   -1.38913   -0.43268   -0.10447   -0.04802    0.15459 
     900   -2.32972    0.35811   -0.04769    0.30568    0.02727   -0.02119   -0.25184 
    1000   -3.06824    1.43890   -0.14133   -0.03745    0.28866    0.22166   -0.74787 
    1100   -3.20077   -0.10006   -0.15734    0.24589    0.23558   -0.73267    0.24762 
    1200   -2.42761    0.09241    0.00278   -0.59499   -0.18800   -0.04102    0.63938 
    1300   -2.71971    0.67008   -0.22794   -0.20235   -0.41003   -0.69862   -0.16115 
    1400   -2.83549    0.76431    0.08706    0.46429    0.12560   -0.45340    0.00647 
    1500   -3.47338   -0.73380    0.67040   -0.57419   -0.07609    0.28560   -0.37918 
    1600   -3.29015    0.17270    0.20982    0.50448    1.12619   -1.21400    1.02883 
    1700   -2.57031   -0.63804   -0.11488    0.02460    0.76607    0.23040   -0.46799 
    1800   -2.51338    0.14600   -0.40221    0.12011   -0.18060   -0.03891   -0.54283 
    1900   -2.95141   -0.37936    0.73937    0.22281   -0.44586   -1.82119    0.32021 
    2000   -2.71584    0.08256   -0.31794    0.42163   -0.77764    0.89461   -0.85851 
    2100   -2.61276   -0.40904    0.26284   -0.51805    0.21386    0.49684    0.44318 
    2200   -2.70545   -0.34019   -0.17666    0.77430    0.35461    0.43146   -1.00920 
    2300   -2.53376    0.12472    0.50216    0.34639    0.38041   -0.15890   -0.13846 
    2400   -2.28222    0.06048   -0.02481    0.06665   -0.32978    0.47110   -0.16147 
    2500   -3.08106    0.57803   -0.20541   -0.84562    0.58961   -0.63743   -0.10893 
    2600   -3.24660    1.48662    1.19581   -1.30977   -0.29810   -1.91694    1.16361 
    2700   -2.53849   -0.48450   -0.03303    0.44786   -0.06186    0.06575   -0.68642 
    2800   -2.97971    0.69592   -0.51506    0.06895    0.21448    0.04389    1.32708 
    2900   -2.67220    0.12768    0.62332   -0.41410   -0.07808    0.24465    0.71329 
    3000   -3.05113   -0.13892   -1.06728   -0.26895    0.52266   -0.70612    0.39328 
    3100   -3.07769    0.03568    0.98088    0.25280   -0.53980    0.88897   -1.00134 
    3200   -2.82205   -0.35466   -0.47451   -0.14797    0.10542   -0.45378    0.34527 
    3300   -2.67021    0.54698   -0.17463   -0.37617   -0.31650   -0.54478    0.76977 
    3400   -2.70590    0.68723    0.35322   -0.31177   -0.19290    0.23832   -0.04304 
    3500   -2.75504    0.49689    0.17436    0.04145   -0.92470    0.72162   -0.57761 
    3600   -2.88646    0.92933   -0.54374   -0.34109   -0.70059    1.08884   -0.58625 
    3700   -3.29735   -0.23889    0.32171    0.22713   -0.01542    0.48046    0.37731 
    3800   -2.95238   -0.31721   -0.87953    0.94306    1.26783    0.76918   -0.39990 
    3900   -2.55791   -1.16693   -0.14213   -0.04815    0.33286    0.07964   -0.12165 
    4000   -2.65987    1.07542    0.28916   -0.57331   -0.38286   -0.12259    0.44358 
    4100   -2.94986    0.36893    0.60958    0.06828   -0.57818    0.74400    0.34997 
    4200   -2.91847    0.22004    0.07039   -0.13977    0.15811   -0.12944   -0.08095 
    4300   -2.48936   -0.37232   -0.69283   -0.36082    0.36020    0.13349    0.20339 
    4400   -3.02487    0.61911   -1.48215    1.03018    0.38223    0.60371    0.31154 
    4500   -2.73857   -0.31306   -0.30244   -0.11894   -0.00913    0.12323   -0.66277 
    4600   -2.95261    0.04627   -0.17816    0.03397    0.97625    0.73764   -1.32143 
    4700   -2.77588   -0.08446   -0.60807    0.05826    0.20156   -0.12447    0.59575 
    4800   -3.15318   -0.56503    0.00951    0.84901   -0.17390   -0.85817    0.90161 
    4900   -2.85301   -0.74574   -1.41067   -0.31441    0.32281    0.28386   -0.37910 
    5000   -2.61323    0.19733    0.57390   -0.81316    0.16462    0.05119    0.47870 
    5100   -3.43010    0.03952    0.73063    0.56694   -0.20693    0.30496    0.38363 
    5200   -2.68053   -1.44501   -0.18816    0.24478    0.11318    0.10970   -0.09242 
    5300   -2.59296    0.28678   -0.47306   -0.24878   -0.87505    0.36385   -0.02178 
    5400   -3.43278   -0.88546    1.68525    0.89978    0.14034    0.17590    0.38195 
    5500   -3.44943    2.18143   -0.49623    0.09217    0.06983    0.04388   -0.10222 
    5600   -3.10161    0.57675    0.38679   -0.59093    0.75727   -0.14228   -0.19697 
    5700   -2.94826   -0.64832   -0.44420   -0.42570   -0.14573    0.23685   -0.43748 
    5800   -2.39214    0.34893   -0.27970   -0.37182    0.04534    0.15715    0.41416 
    5900   -2.76097    0.22135   -0.33693   -0.33860    0.33672    0.79780    1.24519 
    6000   -3.11009    0.81191   -0.33358    0.50031    0.04175    0.13578    0.27235 
    6100   -2.77238   -0.78357    0.14914   -0.34756    0.71731   -0.16260    1.08718 
    6200   -3.05400   -0.69051    0.55632    0.99335   -1.20826    0.10166   -0.24152 
    6300   -2.40700   -0.38387    0.01945    0.41894    0.17780   -0.21537   -0.52254 
    6400   -3.39245    0.58545    0.17782    0.69820    0.35175    0.07581    0.06675 
    6500   -2.87970   -1.28977    0.45897   -0.04209    0.52082    0.11036   -0.88603 
    6600   -2.83166   -0.59531   -0.53004    1.05183    0.32583    0.33535    0.18284 
    6700   -2.69850   -0.46961   -0.09466   -0.78780   -0.37711   -0.04027    0.36535 
    6800   -2.97000    0.61503   -0.12973    0.31840   -0.68754    1.83065   -0.30138 
    6900   -2.80612   -0.59417    0.81583   -0.79972    0.71639   -0.69457    0.01607 
    7000   -3.40128    1.45866   -0.49846    0.44479    0.01230   -0.08494    0.10624 
    7100   -2.80977   -0.11444    0.35037    0.69596   -0.57724    0.69160   -0.58596 
    7200   -3.70876   -0.33102   -1.36483    0.00785   -0.22587   -0.64528   -0.00614 
    7300   -2.91376   -0.76712   -0.47988   -0.16156   -0.14335   -0.54121    0.85400 
    7400   -2.64191   -0.51992   -0.01505   -0.04592    0.11682   -0.32020   -0.57453 
    7500   -3.51354   -0.44870   -0.05084    0.48247   -1.15021   -0.56017    0.54765 
    7600   -2.54187   -0.34469   -0.31943    0.31004   -0.31557    0.40564   -0.34454 
    7700   -2.61380   -0.21511   -0.02740   -0.15745    1.17045    0.37702    0.80827 
    7800   -3.04483    0.65769   -0.41473    0.88198   -0.35044   -0.23250    0.54640 
    7900   -2.79860   -0.21665    1.08836    0.55022    0.05199   -0.32549    0.35557 
    8000   -2.96644    0.32382   -0.30138   -0.58870    0.15177    0.32863   -0.51310 
    8100   -3.66905    0.95298    0.01761   -1.19443    0.07289   -0.06432   -0.14528 
    8200   -2.55796    0.33824    0.01761   -0.27869    0.24730   -0.26688    0.39206 
    8300   -3.11361    0.30536   -0.07056   -0.36688    1.15138    0.58625    0.22275 
    8400   -3.04797   -0.45053   -0.04538    0.38664   -0.31515   -1.44372   -0.12209 
    8500   -2.61937    0.62722    0.57671   -0.19024   -0.29627   -0.23842    0.64832 
    8600   -2.74960    0.65466    0.78290   -0.25137   -0.20499   -0.10541   -0.42287 
    8700   -2.73616    0.63097   -0.71002    0.39354   -0.91651   -0.08066   -0.07103 
    8800   -2.47501   -0.25826    0.00366   -0.22381    0.30184   -0.19139   -0.23740 
    8900   -2.95782    0.10227    1.88669   -0.41043   -0.43881   -0.62488   -0.35408 
    9000   -3.29986   -0.05649    0.31066    0.10415   -0.96520    0.37241    0.59834 
    9100   -3.49203   -0.37702    0.20350   -0.69535   -0.00024    0.15078   -0.22563 
    9200   -2.74171   -0.08840   -0.15437   -0.09514   -0.42242    0.09230    0.03346 
    9300   -2.99957    0.08210    0.67202    0.50273   -0.55055    0.35671    0.27699 
    9400   -2.96082   -0.08549    0.84831    0.56449   -0.58323   -0.01154    0.42412 
    9500   -2.47573    0.22067    0.05520   -0.01570   -0.31815    0.45336    0.17310 
    9600   -2.39239    0.04951   -0.33173    0.05884   -0.47915    0.22461   -0.20567 
    9700   -3.15104    0.56377   -0.75089    0.87244   -1.14996   -1.73002   -0.43309 
    9800   -2.65229    0.23913    0.65973   -0.80817   -0.54631   -0.23246    0.30658 
    9900   -3.00719   -0.44395    1.17848    0.75032   -0.29873   -0.36304    0.61932 
   10000   -3.14433    1.37115   -1.15159   -0.22844    1.35231    1.00184   -0.31302 
   10100   -2.61622   -0.37701   -0.64152   -0.26609    0.60102    0.49374   -0.30752 
   10200   -3.01066    0.54537   -0.58881   -0.90134   -0.04193   -0.37239    0.11693 
   10300   -2.55723    0.14983    0.30064    0.59943    0.13213   -0.69370   -0.34705 
   10400   -3.69260   -0.19612   -0.18275   -0.40880   -0.08064   -0.05304   -0.12343 
   10500   -3.57531    0.18076    0.44133    0.91742    0.18014    0.09410    0.59020 
   10600   -2.87066   -0.51441    0.56481    0.15238    1.02207    0.45263   -0.93185 
   10700   -3.05947   -0.62523   -0.78479    1.09335    0.20448    0.24480    0.41761 
   10800   -2.87780   -0.37837    1.04117   -0.58806   -0.86448   -0.45949    0.11243 
   10900   -3.36201   -0.04667    0.03604   -0.25104   -0.07346   -0.93470   -0.90367 
   11000   -2.80984   -0.02838   -0.27970    0.19784    0.93364    0.63088    0.47830 
   11100   -2.47439   -0.18679   -0.21723   -0.15818    0.27296   -0.27405    0.28663 
   11200   -2.48175    0.24775   -0.11175   -0.17897   -0.62397   -0.30758   -0.04291 
   11300   -3.39254    0.24420    0.22386   -0.12299   -0.46347    1.67350   -0.63715 
   11400   -3.04136   -0.17225   -0.08507   -0.00933   -0.07742    2.15210   -0.25808 
   11500   -2.80392    0.14785   -0.59078    0.50384   -0.84114   -0.00387    0.31398 
   11600   -2.73260    0.93605    0.19285    0.90158   -0.46761   -0.45341   -0.33507 
   11700   -3.10423    0.49714    0.51807    0.22163    0.17604    0.36438    0.67384 
   11800   -3.22095    0.07149    0.01066   -0.40712   -0.20840   -2.84654    1.45837 
   11900   -3.44016   -0.05259   -0.05096    0.10217   -0.33131   -0.89930    0.20631 
   12000   -2.59307    0.75414   -0.27139   -0.13868   -0.60251   -0.35263   -0.03979 
   12100   -3.22573    0.05004   -0.14349   -0.10569    0.78564   -0.03972   -0.35049 
   12200   -3.11762   -0.37302    0.00026   -0.00252   -0.33266   -1.38233   -0.25868 
   12300   -3.11757   -1.00507   -0.79628    1.41128   -0.66873   -0.37560   -0.50718 
   12400   -2.72215   -0.14340    0.41072    0.46328   -0.45006   -1.10720   -0.10646 
   12500   -2.57611   -0.53771    0.40362   -0.70665   -0.05907   -0.38237    0.28444 
   12600   -2.83494    0.80724   -0.54087   -0.36627   -0.37694   -0.45138   -0.24105 
   12700   -2.65847    0.98380    0.50762   -0.01308   -0.12683   -0.38709    0.28745 
   12800   -2.92816   -0.30688    0.32606    0.08446   -0.66195   -1.29123   -0.94667 
   12900   -2.82668   -0.51384   -0.31631   -0.88993   -0.06930   -0.63292    0.28691 
   13000   -3.07914   -0.53731   -0.50247    0.61749   -0.91719   -0.30462   -0.08791 
   13100   -3.12293   -0.60547    0.27637    1.68791   -0.83407   -0.09656   -1.74549 
   13200   -2.80869    0.05176   -0.02318    0.18189    0.23284    1.32619   -0.77927 
   13300   -3.71932    0.59747   -1.51991   -0.99706    0.22448   -0.46985   -0.44512 
   13400   -2.97246   -1.51193   -0.48569   -0.33716    0.20619   -0.62180    0.48925 
   13500   -2.54520    0.38073   -0.25615   -0.08062   -0.14869   -0.16339   -0.06307 
   13600   -2.77532    0.96284    0.22034   -0.34676   -0.64594    0.60847   -0.30369 
   13700   -2.89008   -0.61715    0.71250    0.15141   -0.23033   -0.15412   -0.06219 
   13800   -2.59448   -0.24774   -0.16166   -0.90468   -0.16475   -0.05675    0.65111 
   13900   -2.41969    0.14343   -0.05228   -0.03818   -1.03306    0.10833    0.25249 
   14000   -2.89268    0.16176   -1.01573   -0.09718   -0.15917   -0.09489    0.33745 
   14100   -3.51193    0.10711    0.29319   -0.21518    0.59099    1.00600   -0.05835 
   14200   -3.12572    0.01798   -0.38543    0.16592   -0.14690   -0.44622   -0.07516 
   14300   -3.37818   -0.62317    1.36767   -0.63849   -0.23670    0.02413   -0.33216 
   14400   -3.03473   -1.56703   -0.55914   -0.85477   -0.18369    0.55273    0.18184 
   14500   -3.57645   -0.11485    0.12904    0.14663   -0.10626    0.34799    0.60529 
   14600   -3.48622   -0.60569    0.18157    0.38631   -0.67385    0.74533    0.82339 
   14700   -2.40248   -0.52156    0.64372   -0.32306    0.11481   -0.10149    0.16919 
   14800   -2.95347   -0.31357   -0.08714    0.05241   -0.21588    0.63289    0.80582 
   14900   -2.88991   -0.27294   -0.67103   -0.77904    1.13458    0.46445   -0.38980 
   15000   -3.26604    0.16653    0.10613    0.09736   -0.01173   -1.29358    1.83352 
   15100   -3.13111   -0.08611    0.12292    0.22408    1.77913    0.92568   -0.03162 
   15200   -3.02938    0.02976    0.09506   -0.44001    0.41119   -0.00121   -0.34793 
   15300   -3.64496    1.47924    0.78764    0.49357    0.07475    0.06533   -0.02608 
   15400   -2.73517    0.31307   -0.83667   -0.15999   -0.40350    1.07968    0.36252 
   15500   -3.16230    0.85775    0.95757    1.72924    1.25882    0.24817   -0.57564 
   15600   -3.14453   -0.02656   -0.08901    0.30608    0.73452    0.23834    0.61715 
   15700   -2.93814   -0.40006    0.73264   -1.75982   -0.15143    0.03851    0.18978 
   15800   -2.28442    0.07824    0.13081   -0.13970    0.17035   -0.24141    0.04220 
   15900   -3.59316   -0.40122    0.40898    0.27842   -0.21425    0.14588    0.04220 
   16000   -3.04275   -0.72863   -1.07534   -0.50665   -0.05412   -0.20389    0.35110 
   16100   -3.12556   -0.57328   -1.80310   -0.35204    0.54165   -0.42110    0.55350 
   16200   -2.95973   -0.77780    0.69359   -0.27007    0.41405    0.94332    0.86138 
   16300   -2.29302    0.06746    0.05990   -0.19604   -0.14277   -0.48243    0.37023 
   16400   -2.77836    0.28609    0.02341   -0.78329    0.12963    0.96735    0.66979 
   16500   -3.28431    0.78297   -0.52973    0.08612    0.23914   -0.21219    0.34627 
   16600   -2.88863    1.39464    1.28454   -0.56084   -0.14837   -0.23102   -0.14922 
   16700   -2.80487   -0.34162    1.15427   -0.10497    0.33676   -0.67963   -0.69635 
   16800   -2.85597   -0.74071    0.42365    0.12548    0.74043   -1.29603    0.50578 
   16900   -2.95630    0.20778   -0.40785    0.40626    0.76960   -0.01548    0.18395 
   17000   -2.95757   -1.42017   -0.59192    0.91071    1.01623    0.49540   -0.19301 
   17100   -2.91209   -0.08779    0.14960   -0.60472    0.45899    1.25441    0.36905 
   17200   -2.65581    0.19714   -0.54025   -0.53365   -0.66073    0.45401   -0.16384 
   17300   -3.45770    0.09857    0.15064    0.14430   -0.16817    0.54949    0.59567 
   17400   -3.06904    0.26399   -0.33633   -0.59333    0.56359    2.11182   -0.07669 
   17500   -2.55635    0.13428    0.01853   -0.03337   -1.07548   -0.72932    0.31295 
   17600   -3.60926   -0.16066    1.02421   -0.44096   -0.02205    0.06610   -0.09296 
   17700   -3.24889    0.00205   -0.87471    2.28404    0.18406    0.64256    0.35578 
   17800   -2.23717    0.33856    0.11318   -0.07163   -0.45134    0.03991    0.06550 
   17900   -2.87423   -0.74671    0.39501   -0.45748   -0.66087   -0.13334    0.70522 
   18000   -2.84815    0.47994   -0.32004   -0.53504   -0.13760   -0.77896    0.04429 
   18100   -2.57538   -0.45005   -0.49189   -0.11535    0.30680   -0.18989    0.21656 
   18200   -2.66100   -0.19889    0.24685   -0.93483   -0.10882   -0.63692    0.38121 
   18300   -3.00807   -0.19208    0.37530   -0.27485    0.23113    0.45665   -0.20582 
   18400   -3.27305    0.14676    0.56579    0.55847    0.03642    0.64213    0.16135 
   18500   -3.69049    1.62923   -0.77101   -0.82318    0.43462   -0.02774   -0.15905 
   18600   -2.63622   -0.20697    0.05786    0.10491    0.94064    0.42741    0.30664 
   18700   -2.70963    0.16916   -0.25890   -0.07694    0.01953   -0.10048    0.15416 
   18800   -3.10775    0.34025   -0.07218   -0.09314    0.38964   -0.39879    0.18802 
   18900   -2.76152   -0.11793   -1.40253    0.31724   -0.20353    0.69606   -0.06124 
   19000   -2.38494    0.30130    0.39669    0.12840   -0.09402   -0.04194   -0.30964 
   19100   -2.82454   -0.45586    0.84634   -0.80230    0.19009    0.09448    0.09415 
   19200   -2.73876   -0.44974    1.38368   -0.84669    0.14169   -0.29298    0.01358 
   19300   -2.97630    0.80090    0.20317    0.16810   -0.76263    0.23399    1.50406 
   19400   -2.88074   -0.86412   -0.21009   -0.07578    0.24774    0.54660    1.28666 
   19500   -2.51658   -0.10909   -0.17250   -0.14119    0.33913    0.01291   -0.23104 
   19600   -2.70404    0.43287    0.73578   -0.54081   -0.00590   -0.92227    0.08877 
   19700   -3.14242    0.54277   -1.01170   -0.96566    1.20973    0.08389   -0.57695 
   19800   -3.57588   -0.84051    1.52411   -0.29592    0.00146    0.51796   -0.22938 
   19900   -2.69436    0.82520    0.01240   -1.32290   -0.26440    0.07843    0.18869 
   20000   -2.62085   -0.03832   -0.46196    0.68695   -0.52963    0.48132   -0.35776 
   20100   -2.41820    0.01643    0.33650    0.14133    0.10288   -0.36640    0.32252 
   20200   -2.78970   -0.10683    1.10422   -0.46791   -0.60087   -0.28218    0.56469 
   20300   -3.21477    0.59692    0.23171   -0.59866    1.22291    0.92627    0.23790 
   20400   -3.35085   -0.35356   -0.39830   -0.20669   -0.13424   -0.68535   -0.74416 
   20500   -3.49206   -0.18531   -1.85418    0.14949   -0.24534   -0.71521   -0.39029 
   20600   -3.32274    0.18798    0.24573   -1.36783   -0.31617    0.11995   -0.30916 
   20700   -3.38293    0.19745    0.13056   -0.09791    0.59312    0.26050    0.15952 
   20800   -2.68817   -0.29370   -0.28180    0.78502    0.41022    0.42700   -0.90843 
   20900   -3.54464    0.41674   -1.99001   -0.77887   -0.26680   -0.39561   -0.22708 
   21000   -3.73247   -0.88610   -1.37931   -0.46205   -0.14507   -0.16283   -0.09198 
   21100   -3.06848    0.75316   -0.46832   -0.92212   -0.15336    0.22603   -0.59159 
   21200   -3.01760    0.04343    0.05835   -0.39804   -0.07422   -0.43811   -0.45150 
   21300   -2.70411   -0.00588    0.64589    0.77206   -0.05227    0.22360   -0.34700 
   21400   -3.31720    0.13070   -0.23729    0.06396    0.68813   -0.18644    0.36587 
   21500   -2.20900    0.45611   -0.24087    0.03267   -0.18440    0.16201    0.05521 
   21600   -2.73038    0.81170    0.07631   -1.09215   -0.30457   -0.16764    0.01880 
   21700   -2.93242   -0.01957    1.04690   -1.20738    0.49395   -1.03676    0.27680 
   21800   -3.22820   -1.11234    0.22726    0.18144   -0.59675    0.71461    0.17817 
   21900   -2.91582   -0.27162   -0.52184   -0.34710   -0.40259    0.01851   -0.05190 
   22000   -2.62494    0.04363   -0.08009    0.98327    0.38637   -0.17054   -0.50581 
   22100   -2.90137   -0.32720   -1.48785    0.37612    0.07954    0.09986    0.16256 
   22200   -3.10809   -0.98903    0.62638    1.30336    1.17067    0.71342   -1.33688 
   22300   -2.58413    0.43584    0.05471    0.72460    0.14214   -0.35367   -0.41359 
   22400   -2.81041   -0.36120    0.13714    0.10873    0.15495    0.80405   -0.12409 
   22500   -3.15414   -1.01285    0.47076    0.20194    1.66069   -2.15899    0.41324 
   22600   -3.06685   -0.74559    0.41647   -0.19809   -0.55222    0.30679    0.46579 
   22700   -2.61954    0.01834   -0.17375   -0.62545    0.58452    0.31769    0.10358 
   22800   -2.81226    0.50339    0.07043    0.22511   -0.47551    0.09484    0.93222 
   22900   -2.73388    0.36961   -0.72540   -0.91548    0.35035    0.12355    0.46536 
   23000   -2.78075   -0.88448    0.59813   -0.41490   -0.25155   -0.61917    0.17548 
   23100   -2.77313   -0.38956   -0.57946   -0.00559   -0.64131    0.33685   -0.28563 
   23200   -2.58889   -0.02410    0.30389    0.16323   -0.45925   -0.42882    0.34444 
   23300   -3.46360    0.03186    0.69616    0.49893    0.23075    0.40619    0.38324 
   23400   -2.79358    0.73634    0.14439   -0.15300   -0.04352    0.25996   -0.04382 
   23500   -2.54952    0.07872   -0.25082   -0.02730   -0.63287    0.94908   -0.36746 
   23600   -2.80540    0.48402   -0.33486   -0.11850    0.37696    0.33058   -0.38622 
   23700   -2.91726   -0.49136   -0.77637   -0.91492   -0.53419    0.57646   -0.23064 
   23800   -3.12521    0.27654   -0.21274    0.55779   -0.06947   -0.64783    0.48057 
   23900   -2.67086   -0.39190    0.67519    0.43332    0.82974   -0.39959   -0.27788 
   24000   -2.72744    0.03451    0.43079   -0.92438   -0.35697   -0.07317    0.05621 
   24100   -2.95236   -0.46632   -0.60597   -0.74110   -0.73977    1.18690   -0.33613 
   24200   -2.86012   -0.52849   -0.49384   -0.15464    0.30036   -0.68913    0.76141 
   24300   -3.62277   -0.13156   -0.33886   -0.50352   -0.07141   -0.04477   -0.11902 
   24400   -2.90658    0.44734    0.69555    0.88231    0.93441   -0.66144   -0.14180 
   24500   -3.04583   -0.97844   -0.62801    0.71813    0.19082    0.01237    0.58063 
   24600   -2.44697   -0.23280   -0.16946    0.63930   -0.14314    0.25259   -0.39790 
   24700   -3.17044    1.90019   -0.46615   -1.18447   -1.43831   -0.82144    0.57652 
   24800   -2.72525   -0.31892    0.73349    1.01493    0.48034   -0.40529   -0.15745 
   24900   -2.39380    0.11720    0.56003   -0.25214    0.07384   -0.20985    0.36835 
   25000   -2.84794   -0.08444   -0.75300   -0.62273    0.81975   -0.18728   -0.01527 
   25100   -2.42593   -0.42163   -0.12082   -0.28922    0.49756    0.12935   -0.16523 
   25200   -3.28951    0.13358   -1.50984    1.20517    0.30816    0.08768    0.37622 
   25300   -2.62173   -0.25806   -0.11713   -0.40131    0.85884   -0.17110   -0.07618 
   25400   -2.82356   -0.20759   -0.44170    0.85227   -0.00933    0.71751    0.39196 
   25500   -2.67364    0.10222   -0.23851    1.21273   -0.07268    0.12351   -0.06461 
   25600   -3.09786    1.03842    1.70608    2.33625   -0.22720   -0.29664   -0.41497 
   25700   -2.70329    0.17093    0.16557   -0.40272   -0.23490   -0.17518   -0.29153 
   25800   -3.06279   -1.15713   -0.08254    0.23091   -0.47657    0.03111   -0.56619 
   25900   -2.84475   -0.29162    0.88295   -0.26710   -0.13064    0.27922    0.71682 
   26000   -2.85372    0.23709    0.05041    0.31248   -0.06525    0.54860    0.25796 
   26100   -2.70591    0.30647   -0.32637    0.66719   -0.34396   -0.12179    0.06260 
   26200   -3.42049   -0.05264   -0.14154   -1.19226   -1.10662    0.81743   -1.75071 
   26300   -2.11721    0.11745    0.16974    0.07261   -0.14178   -0.25668    0.08347 
   26400   -3.22472   -0.50864   -0.17361    0.64837    0.03474   -0.23624    0.28970 
   26500   -3.08302   -0.09330   -0.64450    0.79149    1.69689   -0.31477   -1.47876 
   26600   -2.86131    0.13127   -0.14701   -0.07352    0.42786    0.94959   -0.55470 
   26700   -2.80841   -0.13512   -0.00381    1.23522   -0.35529   -0.59292   -0.74641 
   26800   -2.60077   -0.18192    0.18218    0.50803   -0.08240    0.48753   -0.29468 
   26900   -3.39747   -0.50854    0.05687   -0.14159   -1.51760    0.54861    1.76085 
   27000   -2.63362    0.80355    0.52717    1.14887   -0.10004   -0.13944   -0.22696 
   27100   -2.88641   -0.91481   -0.26849    0.46650    0.66254    1.19031   -0.68311 
   27200   -2.98247   -0.38868   -0.68192    0.94985    0.76151   -0.48247    0.32765 
   27300   -2.75758    0.03504    0.06671    0.23589    0.96971   -0.47298   -1.16083 
   27400   -2.78493    0.20798   -0.26125    1.52579    0.24833   -0.01096   -0.57929 
   27500   -2.57661   -0.57619   -0.04677   -0.09168   -0.01062    0.26077    0.20657 
   27600   -3.24763    0.24403   -0.68963    0.33836    0.17591   -0.45796   -0.12252 
   27700   -3.43669    0.46488    1.00099   -0.10406    0.00643    0.52302   -0.25603 
   27800   -2.55299   -0.20207    0.60905    0.44806   -0.31945   -0.52601   -0.17437 
   27900   -3.00537   -0.88487    0.09409   -0.90228   -0.93745   -0.66328    1.07173 
   28000   -2.69111   -0.28408   -0.89031    0.74228   -0.33258    0.34673   -0.25119 
   28100   -3.46047   -1.03192   -0.22605   -0.06929   -1.00486   -0.47734    0.10952 
   28200   -2.66428   -0.18946   -0.48694   -0.17121    0.25732   -0.15998    0.08866 
   28300   -2.70275    0.33255   -0.89635   -0.26831    0.41145    0.26020    0.30499 
   28400   -3.07726    0.94763   -0.22004    0.47664    0.04468   -0.42651    0.48661 
   28500   -2.77042   -0.16272   -0.64609   -0.84685    0.33521    0.36763   -0.21456 
   28600   -3.06364   -0.46207   -1.69037   -1.50032    0.59655    0.52999   -0.14079 
   28700   -3.49384    0.11920   -0.03018    0.15383    0.55207   -0.48649    0.31475 
   28800   -2.76355   -0.14929    0.00400   -0.31042   -0.50757    0.12742    0.07719 
   28900   -2.49821   -0.37659   -0.32771   -0.53572    0.24971   -0.02038    0.59798 
   29000   -2.65232    0.13371    0.71146   -0.38020    0.41777   -0.76587    0.43227 
   29100   -3.27454   -0.44228   -0.93415    0.69308   -0.37662   -0.08303    0.04420 
   29200   -2.78118    0.52340    0.45644   -0.20851   -0.27846    0.35582   -0.29932 
   29300   -2.48188   -0.03332   -0.00367    0.34212    0.22741    0.07967    0.01084 
   29400   -2.71110    0.04278   -1.05350   -0.01680    0.61732    0.36528   -0.00337 
   29500   -2.94375   -0.57816    0.59715    0.16831   -0.11424    0.17615    0.74622 
   29600   -2.91188    0.26406    1.72948   -0.14616   -0.51662   -0.20866   -0.13166 
   29700   -2.86869   -0.58523   -0.21225   -0.51196   -0.01842    1.20241   -0.29832 
   29800   -2.90979    0.15946   -0.21398   -0.14932   -0.26306    0.57299   -1.01165 
   29900   -2.84683    1.02466   -0.76734    0.89441   -0.00623   -0.09341   -0.44235 
   30000   -2.69105    0.17424   -0.23256   -0.34896   -1.03791    0.13968    0.95046 
   30100   -2.67601   -0.50920    0.03434    0.08711    0.78427    0.68144   -0.62277 
   30200   -2.95461    0.30797    0.72188    0.06528    0.32729    0.03767   -0.19322 
   30300   -2.49341   -0.35953   -0.05549    0.01318    1.03930   -0.07520    0.09157 
   30400   -2.99531   -0.89611   -0.14260   -0.44954   -0.05681   -1.16768   -0.40779 
   30500   -3.08702    0.40977   -1.03122    0.17557    0.33077   -0.01622   -0.10998 
   30600   -2.76235    0.33165    0.39907    0.30067    0.60224   -0.46984    0.12805 
   30700   -2.60950   -0.38302    0.03272   -0.44882    0.06475   -0.03519   -0.03043 
   30800   -3.42182    0.99008   -1.06241   -0.48320    0.67596   -0.33719    0.15290 
   30900   -2.74049    0.16962    0.35526    0.09633    0.67054   -1.09013    0.14029 
   31000   -2.85932   -0.36361   -0.20177    0.03094    0.00557   -0.16925    0.12787 
   31100   -2.84282   -0.10344   -0.94937    0.86574   -0.18782    0.13180    0.02809 
   31200   -3.70804    0.39801   -1.28956    0.52038    0.23082   -0.66421    0.33851 
   31300   -3.32045   -0.01598   -0.60744    0.53496   -0.78295   -0.83263    0.57463 
   31400   -2.61173   -0.33256    0.47077    0.03994    0.11639   -0.04573    0.56038 
   31500   -3.62999    0.22468    0.02461   -0.48496    0.13764    0.08135   -0.31653 
   31600   -3.05793    0.08881    0.00790    0.33698    0.01495    0.30849    0.31597 
   31700   -3.14763    0.28827   -0.55108    0.79482    0.06040    0.17081    0.45603 
   31800   -2.86026   -0.79777    0.40207   -0.27801    0.64519   -0.03114   -1.05444 
   31900   -2.81080   -0.70126   -0.33740   -1.45248    0.12068   -0.24683    0.30883 
   32000   -2.89958    0.15572    0.08047   -0.12031   -0.28593    1.01058    0.97720 
   32100   -2.95176    1.14446   -0.16526   -0.03107    0.08173   -0.47783    0.38375 
   32200   -3.10553    0.86001   -0.03779   -0.35044    0.28675    0.28756    0.09636 
   32300   -2.80828   -0.00677   -0.62324    0.33877   -1.11877    0.70442   -0.57993 
   32400   -2.80895    0.33065    0.15325    0.46459    0.65139   -0.40638   -0.11145 
   32500   -2.59892   -0.70146   -0.17960    0.80399    0.52379    0.08791   -0.25634 
   32600   -3.13739   -0.28007    0.18648   -0.53791    0.12840    0.14379   -0.34118 
   32700   -2.98833   -0.30644    0.18723   -0.25753   -0.59440    0.29855    0.28340 
   32800   -2.97339   -0.05023    0.17146   -0.03029    1.51477   -1.72481   -0.94741 
   32900   -2.89362    0.25237   -0.42873   -0.02673   -0.03799   -0.20044    1.09535 
   33000   -2.99031    0.32518   -0.26471    0.76424   -0.52554   -0.16225    0.68128 
   33100   -2.81832    0.22143    0.37874    0.50798    0.47359   -0.94827    0.35562 
   33200   -2.51092    0.34851   -0.06498   -0.47442    0.16493    0.00497    0.68000 
   33300   -3.01684    1.28011    0.31919   -0.08145    0.12877    0.43069   -0.74600 
   33400   -3.61755   -0.19805    0.62570    0.06722   -0.65079    1.13930    0.49618 
   33500   -2.95987    1.20079   -0.87922    0.12636   -0.72281   -0.69260   -0.57187 
   33600   -2.24814    0.35482    0.14410   -0.01909   -0.45839   -0.19858   -0.03751 
   33700   -3.07731    0.67992   -1.08474   -0.52303   -1.30469   -1.00341   -0.32142 
   33800   -2.52869    0.06339    0.16255   -0.07793   -0.69645   -0.11700   -0.08863 
   33900   -2.61281   -0.15707   -0.17442    0.93852   -0.17454   -0.06690   -0.70823 
   34000   -2.80620   -0.29412    0.69917   -0.30617    0.86302   -0.19986    1.05217 
   34100   -2.91700    0.09766   -0.04438   -0.47080    0.38442   -0.87257   -0.08924 
   34200   -2.96534   -0.00660    0.54446   -0.29957   -0.06522    0.79567    0.88565 
   34300   -3.47285   -0.02673    0.25366    0.56317   -0.77629    0.04140    1.29027 
   34400   -2.83506    0.03596    0.68303    0.30897    0.45962   -0.02103   -1.28442 
   34500   -2.76442   -0.83488    0.59952    0.67947    0.48771   -0.69234   -0.47092 
   34600   -3.30607    1.42700   -1.02432   -0.51588    0.92339   -0.84595    0.53902 
   34700   -2.84881   -0.57085    0.66125   -0.40489    0.86108   -0.52243   -0.82174 
   34800   -2.97278    0.22959   -0.24058   -0.06417   -0.93317   -0.76343    1.06537 
   34900   -2.40308   -0.07267   -0.01596    0.81378    0.04592    0.13971   -0.31906 
   35000   -2.64481    0.69287   -0.48595   -0.90612   -0.28125    0.26792    0.45444 
   35100   -2.31723   -0.21725    0.12335   -0.33289    0.02396    0.12602    0.15196 
   35200   -2.90394    0.59542    0.76800   -0.30436   -0.21024    0.11580   -0.45103 
   35300   -3.02383    0.11284   -0.66334   -0.22813    0.18134   -0.11866   -0.41285 
   35400   -3.15931   -1.71546    0.04008    0.29945   -0.56101    0.79470   -0.50411 
   35500   -2.84773    0.53354   -0.34595   -0.08304    0.37279    0.31733    0.99182 
   35600   -3.05755   -0.04844   -0.63032   -1.03490    0.46905   -0.64677   -0.06870 
   35700   -2.65704    0.27528   -0.42525   -0.35340   -0.31158    0.12325    1.07365 
   35800   -2.61946   -0.45790   -0.29110   -0.62370    0.41575   -0.19368    0.74102 
   35900   -2.99373    0.34996    0.86716    0.27223    0.17575    0.66037   -0.70588 
   36000   -2.91054   -0.27400    0.43070    0.02146   -0.64445   -0.10185    0.58003 
   36100   -3.11235   -0.80062    0.01801    0.61099    0.05965    0.05765    0.18168 
   36200   -2.53284    0.14272    0.44870   -0.30070   -0.48487   -0.76712    0.14292 
   36300   -2.41830   -0.27184   -0.57863   -0.39336    0.16893    0.04074    0.25382 
   36400   -2.91338    0.16557    0.39397    0.06255    0.31082    0.09110    0.24818 
   36500   -3.11278    0.59499    0.78787   -0.46947    0.20165   -0.00409    0.09415 
   36600   -2.61744    0.07162   -0.27138    0.73275   -0.50546    0.24695   -0.74250 
   36700   -2.63811    0.39153    0.07585    0.62047   -0.42016    0.57192   -0.66203 
   36800   -3.31956   -0.43802    0.41187   -0.26856   -0.00998    0.10175   -0.17150 
   36900   -2.71815    0.65593    0.52907   -0.27132   -0.65075    0.46909    0.30674 
   37000   -3.15561    0.00150    0.11450    1.10682   -0.04922    0.30489    0.10973 
   37100   -2.41743    0.11607    0.69385   -0.05946   -0.25828   -0.44196    0.01872 
   37200   -2.73980    0.33154   -0.82643   -0.31603   -0.37584    0.31515    0.94784 
   37300   -2.79382    0.09428    0.00097    0.31199    0.14793    0.37740   -1.85546 
   37400   -2.89651   -0.85200    0.94789   -0.42102    0.02626    0.07660    1.05804 
   37500   -2.54366    0.76715    0.08513    0.17972   -0.24789   -0.06958    0.28670 
   37600   -3.19898   -0.32928    0.05177   -0.47325   -0.64412    0.11655   -0.22884 
   37700   -2.46329   -0.23169   -0.09094   -0.06647   -0.01161    0.25937   -0.21445 
   37800   -2.99212    1.18084    0.00692    0.05625    0.31404    0.54600    0.85201 
   37900   -2.59457    0.12902   -0.25734    0.68511    0.06495    0.50510    0.00643 
   38000   -2.77692   -0.68839   -0.06215    0.90861   -0.20793    0.38484   -0.85835 
   38100   -2.21069    0.05156   -0.17192    0.05809   -0.10064    0.56940    0.01241 
   38200   -2.39890    0.66676    0.13373   -0.11536   -0.44138   -0.00072   -0.12342 
   38300   -3.52154   -0.19509   -0.84227   -1.00445   -0.08601   -0.00900   -0.10981 
   38400   -2.74159    0.49787   -1.20498    0.45959    0.17591    0.55645   -0.27555 
   38500   -3.03379    0.06449   -0.03880    0.27374   -1.22125    0.69279    0.40863 
   38600   -3.09718   -0.36560    0.38389   -0.50085   -0.11463    0.38190    0.02021 
   38700   -2.51518    0.07986    0.25175   -0.11889    0.35200   -0.15614   -0.06177 
   38800   -2.27786   -0.42251   -0.24550   -0.24593    0.14264   -0.01545    0.00203 
   38900   -2.52790   -0.09814   -0.01880   -0.42770    0.75044    0.13121    0.39935 
   39000   -3.17720    0.11623    0.48165    0.18463    1.18514    0.34728    0.20134 
   39100   -2.63615   -0.00583   -0.49861    0.04302   -0.60257    0.20078   -0.53363 
   39200   -2.56001   -0.60196    0.14803    0.28918    0.02801   -0.39792   -0.52621 
   39300   -2.40596   -0.21066    0.01365   -0.35464    0.48058   -0.12460    0.63225 
   39400   -2.75184    0.26197    0.14914   -0.68970   -0.15063   -1.04864    0.09765 
   39500   -2.86579    0.16712    0.04259   -0.04757   -1.60009    1.02723   -0.04969 
   39600   -3.17497   -0.23536    1.47546   -1.96263    1.20496    0.32952    0.60967 
   39700   -2.66346    0.39388   -0.18481   -0.41317   -0.73903   -0.49806    0.71504 
   39800   -3.12367   -0.71872   -0.11135    0.37297   -0.03213   -0.13749    1.39189 
   39900   -2.97284   -0.13092   -0.15207   -0.07759   -0.17232    0.19159   -0.69026 
   40000   -3.05574   -0.32157   -0.01134    0.03343   -0.44140    0.55161   -0.67345 
   40100   -2.79332    0.08478    0.94479   -0.21519    0.46198   -0.13358   -0.38442 
   40200   -3.06929    2.15694   -0.86012    0.10846   -0.10015    0.27492   -0.41963 
   40300   -3.05065    0.20635    0.22553    0.46409   -0.63955   -1.53599    0.81022 
   40400   -2.99927   -0.68321   -0.16266   -0.14877   -0.65659    0.00088    0.74300 
   40500   -3.43881    0.47609    0.04074   -0.01313    1.08503   -0.41285   -0.82780 
   40600   -3.30448   -0.05168   -0.22479    0.19597   -0.82739   -0.45411    0.23682 
   40700   -3.02601    0.81778    0.60028   -0.36556    0.89291   -0.46195   -0.24839 
   40800   -2.51333   -0.16533   -0.16966    0.12519    0.14664   -0.28742   -0.37960 
   40900   -2.58754   -0.54057   -0.08546    0.77988   -0.09664   -0.06033   -0.54547 
   41000   -3.20248    0.46053    0.23891    0.04663   -0.10014    0.19660    2.15600 
   41100   -3.23755    0.26947   -0.34011   -0.14618    0.61701   -0.08717   -0.64773 
   41200   -2.91702   -0.22562    0.48068    1.13899    0.54262    0.92944   -0.66131 
   41300   -2.80094   -0.58387   -1.07481   -0.23548    0.89881    0.33890    0.33175 
   41400   -2.65175   -0.13917   -0.04307   -0.01478    0.52589    0.78935    0.82726 
   41500   -2.91871    0.27644    0.23928    0.67770   -0.15907    1.05962   -0.00857 
   41600   -2.82018   -0.10978   -0.59160    0.45491    0.95389    0.14033    0.38005 
   41700   -2.79750    0.27003   -0.14312    0.33682    0.30005   -0.22360   -1.43806 
   41800   -2.96368   -0.00428    0.04781    0.00135    1.31122   -0.12295    0.18514 
   41900   -3.41854   -1.04303   -0.25548    1.19608   -0.12365    0.13793    0.06708 
   42000   -3.38393   -1.12345    0.01901    0.19462   -0.38080   -0.16567    0.35103 
   42100   -3.66526    0.56749   -1.23049    0.17569    0.12986   -0.25949    0.14995 
   42200   -2.71656    0.02444   -0.55050    0.32518    0.55125    0.49430    0.50218 
   42300   -2.94181    0.18424   -0.32538    0.65427   -0.61429    0.12472    0.67070 
   42400   -2.87519    0.46805    0.12710   -0.15397    0.05734    0.30908   -0.32955 
   42500   -2.82738    0.63054    0.11262    0.01811    0.04589   -1.10786    0.36097 
   42600   -2.92446    0.02811   -0.49802    0.51994   -0.85450   -0.61374   -0.15170 
   42700   -2.57210   -0.42714   -0.75335    0.11106    0.46583    0.35470    0.28718 
   42800   -2.62548    0.38277   -0.00191   -0.60778   -0.82553   -0.05188    0.62977 
   42900   -3.00071    1.54998    0.81826    0.18402   -0.18282   -0.84443   -0.89927 
   43000   -2.75500   -0.51508   -0.30771   -0.60037   -0.00732    0.61654   -0.30099 
   43100   -3.33915    0.34945   -1.22928   -1.57893    0.64802   -0.02228   -0.34826 
   43200   -2.42648   -0.12490   -0.22045    0.29987    0.27391   -0.21268   -0.50549 
   43300   -2.67635   -0.73496   -0.10122    0.53765   -0.15586    0.27228   -0.40364 
   43400   -2.86388    0.71908   -0.19964    0.18255   -0.50110   -0.77964    0.78078 
   43500   -2.46594    0.79420   -0.08535    0.27006   -0.45819   -0.10832   -0.15503 
   43600   -3.00758    1.56050   -0.48810   -0.62825    0.21857    0.03868    0.89874 
   43700   -2.71141   -0.45756    0.24968    0.03930   -0.03631    0.05633    0.55260 
   43800   -2.33897    0.24790   -0.15779   -0.01105   -0.60739    0.30147   -0.25560 
   43900   -3.08595   -0.06530   -0.03854   -0.51560   -0.23041    0.67335   -0.54634 
   44000   -3.50356    0.17838   -1.60933   -0.28376   -0.06247   -0.38268    0.20305 
   44100   -2.96541    0.59582    0.88221    0.21721    0.31721    0.11535   -0.47614 
   44200   -2.94669   -1.08507    1.06762   -0.77330    0.71655   -0.73106    0.62187 
   44300   -2.96640    0.71382    0.08532    1.59246   -0.93201    0.33753   -0.66961 
   44400   -2.38318   -0.39912    0.47206    0.56725    0.14741   -0.05551   -0.05579 
   44500   -2.99696   -0.18087   -0.36319    0.99020    0.11050    0.42023    0.42103 
   44600   -2.46880   -0.50870    0.52683   -0.53511    0.11670   -0.29999    0.03926 
   44700   -2.66664    0.77046    0.04023    0.33181   -0.60193    0.50683    0.27602 
   44800   -2.60753    0.21273    0.50117   -0.47533    0.16575   -0.36793   -0.16835 
   44900   -3.04781   -1.49673   -0.69449   -1.24570    0.22431   -0.60385    0.46901 
   45000   -2.66803    1.01143    0.01524    0.25385   -0.73001    0.35474    0.01666 
   45100   -2.97979   -0.29580    0.91860   -0.21241    0.58952    0.46935   -0.72664 
   45200   -2.77248   -0.52569    0.00810   -0.26839   -0.03519   -0.00754    0.07481 
   45300   -2.67414    0.31567   -0.73025    0.13318   -0.49815    0.53185    0.60711 
   45400   -2.71151    0.56201    0.61548   -0.62151    0.35202   -0.49953    0.44511 
   45500   -2.21317   -0.05680   -0.01411    0.03800    0.03178    0.16399   -0.32241 
   45600   -2.94143    0.96755   -0.40370    0.49244    0.14641   -0.01291   -0.26626 
   45700   -2.66514   -0.02851   -0.03612    0.69327    0.57170    0.18859   -0.01871 
   45800   -3.09251   -0.24870   -0.42486    0.26237    1.27830   -0.98521    0.19804 
   45900   -3.45799    0.61383   -0.07787    0.21889    0.27080   -0.04852    0.26977 
   46000   -3.30673   -0.35844    0.34218    0.23560   -0.07357    0.90480    0.35195 
   46100   -2.88189    0.45063    0.82460   -0.20318   -0.12148    0.09608   -0.68934 
   46200   -3.58756   -0.18709    0.28911   -0.12475   -1.58386    0.72632   -0.16483 
   46300   -2.91195   -0.01887   -0.73658    0.45115   -0.94263    1.04731   -1.13663 
   46400   -2.89269    0.06289   -0.25652    0.66544    0.42985    0.32499   -1.85261 
   46500   -2.97038   -0.34117   -0.95717    0.30643   -0.60075    0.32122    1.10167 
   46600   -2.64547    0.05785   -0.86691   -0.00308   -0.22422    0.27250    0.57074 
   46700   -2.66467   -0.42913    0.57082    0.41079    0.27799    0.06798    0.06765 
   46800   -3.22794   -0.36030    0.21945   -0.17499   -0.39606    0.03084   -0.61406 
   46900   -2.81850   -0.62114   -0.40644    0.15012    0.64887    1.27846    0.49285 
   47000   -3.10357   -0.96972    0.78007    0.58565   -1.05184   -0.35533    0.11470 
   47100   -2.91518   -0.85213   -0.92503    0.26560    0.35157   -0.45560   -0.90204 
   47200   -2.84512   -0.12285    0.04203    0.24251    1.77962   -0.14818   -0.85792 
   47300   -2.73215   -0.19699   -0.72704    1.11245    0.21767    0.19354   -0.68199 
   47400   -2.75440    0.29891   -0.33431   -0.58044   -0.42199   -0.53427    0.00929 
   47500   -2.44128   -0.68270    0.00375   -0.06221    0.61563    0.03015   -0.02239 
   47600   -3.29963    0.81165   -0.30615    2.54656    0.12403   -1.08648    0.11867 
   47700   -2.87535    0.16578   -0.19239    0.17290   -1.46265   -0.01450    0.42479 
   47800   -3.08984    1.61089   -0.12962    1.35442   -0.09148   -0.78575   -0.16798 
   47900   -3.41295    0.73964    0.70427   -1.00960    0.11316    0.51503   -0.13448 
   48000   -2.51254    0.51974   -0.03263    0.04507   -0.19997    0.44648    0.28446 
   48100   -2.75024   -0.08413    0.10394    0.39572    0.21529   -0.53750    0.30954 
   48200   -3.13303    0.29654   -0.51570   -0.67548   -1.15108    1.71346   -1.12924 
   48300   -2.86022    0.75530    0.14458    0.35603    0.52250   -0.56111   -0.74750 
   48400   -3.16609   -1.09365    1.14168    0.94053   -0.64023   -0.52831    0.95148 
   48500   -2.75896   -0.13915    0.44130   -0.61807    0.47521    0.55896    0.28249 
   48600   -2.66012    0.00116   -0.18055    0.13561    0.40877   -0.05383   -1.03815 
   48700   -2.40091    0.41472    0.35782   -0.12818   -0.55551   -0.10103   -0.02347 
   48800   -3.25570    0.11152    0.26909    0.81910    0.97888    0.86935    0.64425 
   48900   -3.40709   -0.09965    0.52414    0.91145    0.11739    0.41260    0.24007 
   49000   -2.67250   -0.65309    0.54512   -0.61853    0.22259    0.02524   -0.04417 
   49100   -2.64695    0.66639    0.31175   -0.87430   -0.22540   -0.44910    0.15796 
   49200   -3.12659    0.03110    0.11893    0.03379    0.10885    0.47228   -0.66334 
   49300   -2.86063   -0.80501    0.40760   -1.19557   -0.24239   -0.26667    0.27970 
   49400   -2.87011   -0.27841    0.28384   -0.04456   -0.08476   -0.79776    1.36858 
   49500   -3.26207    0.18864   -0.44954    0.26294    0.94743   -0.74429   -0.26891 
   49600   -2.72505    0.02093   -0.18142   -0.97784   -0.58556    0.54208    0.28608 
   49700   -3.15009   -1.02436   -0.26234   -1.93820   -0.46735    0.48136    0.20778 
   49800   -2.76785   -0.16901   -0.77981    0.48935   -0.80421    0.24876   -0.17617 
   49900   -2.41708   -0.16901    0.19335   -0.21007    0.05055   -0.31743   -0.18911 
   50000   -2.76515    0.20239    0.25053    0.46883    0.45677   -0.84889    0.15027 
   50100   -3.58413   -0.58476    0.19339    0.22485   -1.08207    1.02729    0.39277 
   50200   -2.66307    0.30906    0.30457    0.79091   -0.17510    0.02865   -0.94464 
   50300   -3.17923   -0.01095   -0.15920    0.02506    0.36535   -0.38455   -0.19688 
   50400   -3.04675   -0.21486    0.28264   -0.08960   -1.00843   -0.22051    0.34576 
   50500   -2.92524    0.14331    0.59310   -0.57627   -0.11466   -0.17689   -0.59274 
   50600   -3.15628   -0.46995   -0.56754    0.84029    0.95909   -1.07683   -2.22784 
   50700   -2.73343    0.67121    0.79136    0.29748   -0.60269   -0.78370    0.16071 
   50800   -2.75682   -0.31929    0.16353   -0.61179    0.16999    0.90730    0.68127 
   50900   -2.98981    1.06198   -0.29652    1.04246    0.77879    0.24853   -0.71196 
   51000   -3.08131    0.48344    0.40617   -1.55339   -0.26764    0.35899   -0.01983 
   51100   -2.81186    0.03119   -0.01467   -0.81284   -1.12113   -0.20455    0.25006 
   51200   -3.11462    0.33431   -0.26736   -0.10776    0.76502   -0.06038    0.44675 
   51300   -3.40873    0.25724    0.01087   -0.06656    0.86842   -0.52734    0.27148 
   51400   -2.95678   -0.06640   -0.00711    0.13941    0.39551   -1.08899    0.09191 
   51500   -2.45379   -0.00925    0.09936    0.14234    0.29813   -0.53567    0.04714 
   51600   -3.28570    0.01607   -0.08007    0.09357    0.31306    0.31525    0.85379 
   51700   -2.30120   -0.32611    0.09119   -0.45773    0.15533   -0.21803    0.17628 
   51800   -2.91574   -0.80919    0.54183    0.40646   -0.00287    0.24663   -0.24538 
   51900   -2.72205   -0.05279   -0.40127   -0.00989    0.45961   -0.19321    0.10372 
   52000   -3.45700    0.42864   -0.58965   -0.09835    0.19740   -0.06926    0.01193 
   52100   -2.79897    0.02849   -0.24614   -0.64108    0.61397    0.31891   -0.25792 
   52200   -2.74701   -0.40258    0.05912    0.11966    0.57352   -0.36902    0.89308 
   52300   -3.67055   -0.28171   -0.22248   -0.06625   -0.96466   -1.04426    0.16052 
   52400   -2.64815   -0.72255   -0.65986    0.03662    0.55708   -0.02360    0.34668 
   52500   -2.36277    0.24847    0.02024    0.26106   -0.57239   -0.19305   -0.06213 
   52600   -3.67282    0.10849    0.19585   -0.81584    0.06094    0.00734   -0.29269 
   52700   -2.92034    0.03288   -0.07315    0.54923    0.70858    0.16156    0.31640 
   52800   -2.27268    0.36836    0.04904    0.13834   -0.38841   -0.23714   -0.20952 
   52900   -2.50086    0.16877    0.17007   -0.05988    0.24083   -0.21939    0.05261 
   53000   -3.21385   -1.21026    0.53308   -0.46623   -0.00049    0.25544    0.03122 
   53100   -3.35425    0.12586    0.27709   -0.30506    0.05054    0.94707   -0.16966 
   53200   -2.95923   -0.01076    0.88513   -0.59403    0.75697    0.31182   -0.07415 
   53300   -2.89050    0.37645   -0.85354    0.01977   -0.06588   -0.04324   -0.19414 
   53400   -2.86339    0.51665    0.19255   -0.56163   -0.47988   -0.08500   -0.75967 
   53500   -3.06232    0.35331   -0.75032    1.08179    0.64118   -0.04301    0.01760 
   53600   -2.47006   -0.01680    1.15971   -0.10272    0.05011   -0.12632    0.00893 
   53700   -2.58445   -0.58694    0.36749    0.83671    0.03846   -0.29861   -0.14657 
   53800   -3.01335   -0.88104    1.59234   -0.17133    0.26143    0.06663    0.64641 
   53900   -3.61340    0.38219    0.00615    0.51585    0.72873    0.13967    0.66611 
   54000   -2.85571    0.11913    0.27378    0.09423   -0.84078   -1.93872    0.25239 
   54100   -3.00757   -0.40107    1.08935   -0.32591    0.70581   -1.50284    1.04568 
   54200   -2.83769   -0.01459   -0.30905   -0.42998   -0.96714    0.67574   -0.25336 
   54300   -2.55064    0.01442    0.15227   -0.33374   -0.54214    0.26784    0.35174 
   54400   -2.68500    0.78095    0.51791   -0.45859   -0.77962   -0.41082    0.21986 
   54500   -3.12637    1.33990    1.58879    0.36329   -0.22439   -0.05988    1.07222 
   54600   -2.76825   -0.83765   -0.27067   -0.69732    0.34349   -0.54163    0.69305 
   54700   -2.49456    0.57687    0.42170    0.08801   -0.45082    0.13815    0.02424 
   54800   -3.25053    0.83989   -0.07697   -1.06604    0.55354    0.00168    0.02424 
   54900   -2.31946    0.37685   -0.04537    0.22533   -0.20052    0.13660    0.09204 
   55000   -2.88582    0.85549   -0.01514   -0.10600   -1.35462    0.98889   -0.26369 
   55100   -2.60660   -0.79942    0.69090   -0.32974    0.17961    0.04428    0.07258 
   55200   -2.32927   -0.16762    0.25603    0.15773   -0.12834   -0.10576   -0.30563 
   55300   -3.34884   -0.05492    0.05747   -0.03079   -0.85234    0.57222    0.91824 
   55400   -2.97419   -2.06137    0.33115    0.87475    0.16558   -0.11244   -0.42148 
   55500   -2.68013   -0.14038   -0.05257   -0.24222   -0.41816   -0.38489    0.35343 
   55600   -2.73591   -0.47742   -0.49848   -0.33947   -0.08923    0.62258    1.02126 
   55700   -3.27476   -0.13215   -0.35902   -0.47578   -0.09581    0.02043   -0.29154 
   55800   -3.16989    0.11987    0.30910   -0.41912    0.52149   -0.21533   -0.81489 
   55900   -3.22645    0.46574   -1.15809   -1.06946    0.01177   -0.53218    0.20475 
   56000   -2.92685    0.32751    1.28188   -0.16582    0.29941   -1.32537   -0.47898 
   56100   -3.03205   -0.15864   -0.58919   -1.17765    0.74301   -1.25224    0.29542 
   56200   -2.73205    0.23431    0.05907    1.07198   -0.17471   -0.09755   -0.03124 
   56300   -2.59202    0.64765   -0.60185    0.12846    0.03638    0.60751   -0.04816 
   56400   -3.11539   -1.38220   -2.46695    0.42326   -0.07241    0.31762   -0.28611 
   56500   -2.90812    0.59570    0.27579    0.71661   -1.45166    0.04153    0.39901 
   56600   -2.50148   -0.28392   -0.73315    0.15240    0.20808    0.06920   -0.22369 
   56700   -2.73350    0.16903    0.63714   -0.26614    0.19819    0.23531    0.56151 
   56800   -3.32532   -0.36782   -0.19458   -1.44710   -0.56019    0.13516   -0.35392 
   56900   -2.31440   -0.01000   -0.07802   -0.05187    0.13604    0.16362    0.61065 
   57000   -2.49252   -0.19459    0.21507   -0.33735    0.50208    0.02600   -0.08393 
   57100   -2.70838    0.14307   -0.01142    0.08155   -0.16776   -0.25294    0.35312 
   57200   -2.63558   -0.75865    0.87563    0.34911    0.31296   -0.00403   -0.08506 
   57300   -2.65378   -0.29501    0.37550    0.72883   -0.24941   -0.18688   -0.11582 
   57400   -2.54087   -0.72392   -0.14896    0.11323    0.46628   -0.37124    0.08459 
   57500   -2.94446   -0.85071    1.01886   -0.06690   -0.00566    0.09034    0.63409 
   57600   -2.33122    0.38297   -0.47157   -0.12891   -0.16439    0.01692    0.07822 
   57700   -2.62494    0.07338   -0.77665    0.47130   -0.45212    0.35395   -0.52978 
   57800   -2.71322   -0.09245    0.56640   -0.05182   -0.14822    0.04889    0.28228 
   57900   -3.61015   -0.09724   -0.05388   -0.08640   -2.01580    0.50773   -0.62388 
   58000   -3.14783   -0.23753   -0.36342    0.33576   -0.14472    1.41559    1.49450 
   58100   -2.80230   -0.25827    0.26397   -0.40756   -0.62418   -0.68702   -0.11603 
   58200   -2.80661   -0.26143   -0.83664    0.46566   -0.04645   -0.29077   -0.53562 
   58300   -2.96878   -0.00331   -0.06425    0.03496   -1.33893    0.20942   -1.19267 
   58400   -3.21541    0.00100    0.49448    0.12107   -0.33204    0.47758    0.30637 
   58500   -3.16684    0.13563   -0.01782    0.44962    1.05206   -0.01977    0.30637 
   58600   -2.73407    0.80333   -0.88196   -0.26821   -0.61987   -0.02118    0.37168 
   58700   -2.72131    0.08546    0.81481    0.24261   -0.42435   -0.03426    0.13995 
   58800   -3.05171   -0.25013    0.06613    0.17938   -0.32526   -1.54475    0.10595 
   58900   -3.18419   -1.01403   -0.01997    1.25523    0.27934    0.10292    0.52949 
   59000   -2.60055    0.16793   -0.11778    0.13007   -0.90224   -0.30353    0.01211 
   59100   -2.53920    0.02070   -0.12707    0.10639    0.45249    0.87311   -0.76485 
   59200   -3.23579    0.55381   -1.98532    0.32158   -0.45826   -0.22532    0.23622 
   59300   -2.72072    0.11089    0.53163   -1.20060    0.36895   -0.20202    0.38593 
   59400   -2.75590   -0.88151    0.71159   -0.09508    0.18952   -0.11479    0.67633 
   59500   -2.46568   -0.41480   -0.07331    0.11829    0.38016    0.14784   -0.65016 
   59600   -2.75447    0.11416    0.12333    0.84997   -0.39002    0.81730   -0.37041 
   59700   -2.50831   -0.01805    0.33115   -0.51336   -0.01491   -0.66606    0.49413 
   59800   -3.15246   -1.04087    0.11534   -0.89332   -1.36552   -1.16833    0.33360 
   59900   -3.06733   -0.51767    0.21267    1.51339    0.70024    0.86070    0.42280 
   60000   -3.13177    1.64501    0.66243    1.41286    0.29442   -0.23532   -0.37486 
   60100   -2.50798   -0.42342   -0.08465   -0.41464   -0.05679    0.29396    0.14317 
   60200   -3.65080    0.49014    0.20397   -0.24250    0.85626    0.55410   -0.31094 
   60300   -3.28850    0.61238   -0.37931    0.60494    0.68756   -1.25232    0.21590 
   60400   -3.33163    0.02935   -0.24852   -0.09247    0.52647   -0.34861   -0.71911 
   60500   -2.50791    0.22923   -0.10037   -0.38817   -0.69829    0.38505    0.12879 
   60600   -3.01758   -0.03688   -0.64361    0.30868    0.37719    0.63788    1.45173 
   60700   -2.39785    0.31051    0.08504   -0.44167    0.01588    0.02189    0.05911 
   60800   -2.84434   -0.81534   -0.01553    0.64310   -0.18453    0.84588   -0.20949 
   60900   -3.02830    0.81381   -1.50359    0.74582    0.39514    0.84592   -0.95759 
   61000   -2.89035    0.08862   -0.06576   -0.76817    0.54388   -1.15673    0.26637 
   61100   -3.54102   -0.48710    0.42071   -0.17473   -0.56795    0.84776   -0.07793 
   61200   -2.80081    0.02079    0.21058   -0.17153    1.15652   -0.32367    0.42262 
   61300   -3.38386    0.68450    0.63400   -0.65906    0.13646    0.62661   -0.51093 
   61400   -2.86742   -1.09168   -0.56537   -0.51048    0.77289   -0.07207    0.91210 
   61500   -2.70466    0.27619   -0.42776    0.55363   -0.15128    0.97182   -0.76159 
   61600   -2.34064   -0.32610   -0.57888    0.33590    0.11120    0.12561    0.01636 
   61700   -3.08757    0.85578   -0.35445   -1.37381    0.35323   -1.26130    0.12767 
   61800   -2.59350   -0.28750    0.21499    0.03304   -0.16109   -0.83679   -0.23494 
   61900   -2.60843    0.26464    0.60658   -0.40572    0.23262   -0.35247    0.70451 
   62000   -2.81034    0.13443   -0.24243    0.17458   -1.58032    0.80926   -0.18331 
   62100   -3.67230   -0.55512   -2.12824    0.05024   -0.26697   -0.69467    0.27586 
   62200   -2.91454    0.04816    0.17978    0.11076    0.52450    0.38062   -0.85840 
   62300   -3.27443    1.35101    0.80536   -0.29920    0.26552    0.40002   -0.70977 
   62400   -2.60561    0.07143   -0.14840    0.56042   -0.79044    0.03398   -0.52864 
   62500   -2.21209    0.36020    0.01944   -0.12083   -0.10932   -0.00897    0.21973 
   62600   -3.13325   -0.39559    0.17696    0.90843    0.02375    1.90060   -1.65442 
   62700   -2.81310    0.08496    0.76451    0.67434   -0.40470   -0.55642   -1.13862 
   62800   -2.91248   -1.04045   -0.29669   -0.17039   -0.42826    0.52502    0.59013 
   62900   -3.16161   -0.16468    1.21048    0.58498    0.70828    0.61143    0.95012 
   63000   -2.89282   -0.28810    0.23037   -0.82612   -0.73284   -1.13266    0.73399 
   63100   -2.51929   -0.20590    0.40603   -0.73936    0.25116   -0.17262    0.53455 
   63200   -2.91068   -0.27293   -1.04813    1.09123    0.83211   -0.02890   -0.21943 
   63300   -2.96298   -0.53264    0.22208    0.55935   -0.53811   -1.50072   -0.32044 
   63400   -3.34701    0.65758    0.08891    0.20005    0.39056    0.10359    0.36604 
   63500   -2.65275   -0.85032    0.04123   -0.22192    0.52054    0.26967    0.65758 
   63600   -2.95008    0.17421    0.02842    0.30653    0.38494   -0.51495    0.17209 
   63700   -2.94907    0.53700    0.10393   -1.22314    0.10058    0.89793    1.18788 
   63800   -3.22603   -0.31933   -0.04257   -0.13154   -0.71552    0.83499   -0.10661 
   63900   -2.65387   -0.19382    0.75016    0.02540    0.39664   -0.49958    0.65891 
   64000   -2.59107    0.81449    0.97219    0.40699   -0.05465   -0.16630   -0.14507 
   64100   -2.97752    0.30565    1.47184    0.34438    0.73944   -0.07088   -0.44217 
   64200   -3.03067   -0.44700    0.30182   -0.64491   -0.24327   -0.38821   -0.63006 
   64300   -2.71140   -0.18813    0.08744   -0.68283    0.12821   -0.80189   -0.02418 
   64400   -2.83409   -0.46106    1.28573   -0.03511    0.82026   -0.16942   -0.21204 
   64500   -2.87608   -0.92479   -0.72515    0.55469    0.04388    0.29143    0.31082 
   64600   -2.63114   -0.50480   -0.16560    0.29686    0.48465    0.60637   -0.80773 
   64700   -3.33976    0.55871   -0.04441    0.05302    0.71289    0.31883    0.00516 
   64800   -3.04581    0.67662   -0.18852   -0.15126    0.27940   -0.49111   -0.53080 
   64900   -2.66060   -0.24287   -0.11893    0.13508    0.41096   -0.03746    0.56254 
   65000   -2.51454    0.66462    0.42937    0.05570   -0.30790   -0.36095   -0.36256 
   65100   -3.39725   -0.25801   -0.71198    0.47180    0.09857   -0.14682    0.13037 
   65200   -2.84184   -0.77868   -0.62792   -0.79373    0.72912    0.09006    0.92906 
   65300   -3.04311   -0.84669    0.01716    1.09524    0.93997    0.42716    1.04538 
   65400   -2.85732    0.32771   -0.45303   -0.44605    0.32609    0.38451   -0.54471 
   65500   -2.69091   -0.60627    1.04735   -0.01788    0.15826   -0.14885    0.31654 
   65600   -2.71439    0.02476    0.35802   -0.07036    0.48298   -0.06872    0.80013 
   65700   -2.64661    0.03764   -0.74497   -0.51799    0.30272    0.55179    0.64229 
   65800   -3.29251   -1.59715   -0.38295   -2.25947   -0.29194    0.13767    0.19968 
   65900   -3.13507   -0.47045   -0.72183   -0.80495   -0.16175    0.14360   -0.81013 
   66000   -2.71251   -0.48179    0.66760   -0.37170    0.02412    0.12353    0.77429 
   66100   -2.57067    0.16110    0.85296   -0.43058    0.18238   -0.54518    0.19982 
   66200   -2.48192    0.15718   -0.11889    0.00270   -0.38672    0.82224    0.42246 
   66300   -3.46432    0.52051    0.07551    0.01814    0.75068    0.15717    0.37845 
   66400   -3.66072    0.37800   -0.04032    0.68836    1.25488   -0.04165    1.24869 
   66500   -2.92008   -0.11255   -0.06296   -0.12457   -0.50165    0.14959    0.12263 
   66600   -2.96488   -0.09571    0.29779   -0.92474    0.86885   -0.85766    1.55687 
   66700   -2.86010    0.34433   -0.54302   -0.03819   -1.29166    1.24309   -0.50130 
   66800   -2.69841    0.43319    0.16476    0.09708   -0.01573    0.01412    0.23974 
   66900   -2.78386   -0.25951    0.39041    0.27999    1.09302   -0.03950    0.44808 
   67000   -2.48948   -0.57254   -0.37639   -0.21870    0.58465   -0.05050    0.03269 
   67100   -3.44665    0.57311    1.77545    0.44739   -0.01090    0.23702   -0.18970 
   67200   -3.23532    0.24168    0.20281   -0.36795    1.04238   -0.21252   -0.35674 
   67300   -2.97540    0.31621    0.25682    0.12241    0.46279    0.27386   -1.00569 
   67400   -2.83990   -0.07094    0.29302    0.32685   -1.07008   -0.07340   -0.22889 
   67500   -2.45232   -0.06918    0.05271   -0.30668    0.61941   -0.02518    0.66158 
   67600   -2.90120   -0.23549    0.34424   -0.02540    0.63425    0.61940    0.57330 
   67700   -2.61223   -0.37108   -0.33632    0.29624   -0.34562    0.10927   -0.41569 
   67800   -2.50192   -0.31949    0.10062   -0.49123    0.51776   -0.34274    0.56522 
   67900   -2.11836    0.09772    0.21219   -0.16811   -0.15441   -0.13798    0.00871 
   68000   -3.07883   -0.26152    1.55152   -0.54956    0.12805   -0.09370   -0.74482 
   68100   -2.66175   -0.95373   -0.84272   -0.55518    0.10335    0.14441    0.28306 
   68200   -2.52297    0.12268   -0.31431   -0.56833   -0.48119    0.34852    0.07849 
   68300   -2.64650   -0.55116    0.37790    0.20727    0.85117   -0.23500   -0.65976 
   68400   -2.74093    0.27381    0.03364   -0.24498   -0.48221   -1.13460    0.12955 
   68500   -2.66656   -0.59962    0.88900    0.20703   -0.15382   -0.28573   -0.19156 
   68600   -2.97197    0.65829   -0.33138   -0.68727    0.64961   -0.07787    0.24322 
   68700   -2.75636   -0.67318   -0.19460   -1.08328    0.58790   -0.26510    0.54132 
   68800   -2.84967   -0.03102    0.33451    0.55977    1.06916   -1.03543   -0.86151 
   68900   -2.29504    0.08266   -0.21567    0.14940   -0.00500    0.06354   -0.46557 
   69000   -2.93419    0.29382    0.08429    1.00192   -0.13687    0.76085    0.23518 
   69100   -3.11001    0.09124   -0.29598    0.21483   -0.79464   -0.62641    0.27137 
   69200   -3.23777   -0.14544    0.23629    0.22846    0.39648    1.13207    0.06596 
   69300   -2.63197    0.00473    0.04439    0.55483   -0.16487   -0.68871   -0.07143 
   69400   -2.67299   -0.38373    0.10967    0.42738    0.26892   -0.93833   -0.06185 
   69500   -3.40687   -0.08943   -0.01454    0.19345    0.10567   -0.30421    0.63047 
   69600   -2.33137    0.22997   -0.40019    0.18164    0.07513    0.14567   -0.03025 
   69700   -3.04646    0.29117   -0.49931   -1.53590   -0.80494   -0.79541   -0.04823 
   69800   -2.30530   -0.45425    0.04499   -0.32485    0.25159    0.11274    0.02410 
   69900   -2.97359    0.53635   -0.29136    0.16266    0.19177   -0.81408   -0.69806 
   70000   -2.42638    0.15264    0.20279    0.07063   -0.43380    0.12244   -0.33111 
   70100   -2.68067    0.17369    0.41702   -0.75733    0.05501    0.36470    0.79751 
   70200   -2.75983   -0.20292    0.12714    0.07281    0.79184    0.28987   -1.18336 
   70300   -3.57266   -0.19179   -0.16965   -0.34241   -1.57658   -0.39900   -0.73633 
   70400   -3.61708   -0.86347    0.58361   -0.04053   -0.66847    0.29487   -0.09828 
   70500   -3.23505    0.18333   -0.98987    0.58072    1.17021    0.28252    1.81140 
   70600   -3.10691   -0.19852   -0.26546    0.74982   -0.14375   -0.25388    0.02873 
   70700   -3.43540    0.90465   -0.21135   -0.68363    0.28214   -0.32946   -0.14183 
   70800   -2.58738    0.37051    0.25282    1.34103   -0.01453   -0.09186   -0.17137 
   70900   -3.18836    0.05601   -0.03454   -0.12030    0.31341   -1.52879    0.32393 
   71000   -2.63188    0.12451   -0.26536    0.83453    0.22800    0.16329   -0.84075 
   71100   -2.71779    0.17076   -1.19081    0.71487   -0.27405    0.49428   -0.29277 
   71200   -3.11350   -0.12817    0.97853   -0.07132   -0.18149    0.55237   -1.41289 
   71300   -2.54899    0.33109    0.21679    0.35982   -0.01877    0.16392   -0.13733 
   71400   -2.47761   -0.22423   -0.21333   -0.17226    0.79859   -0.02445    0.33463 
   71500   -2.36558    0.11786    0.00156    0.09548   -0.27629   -0.37195   -0.60905 
   71600   -2.77108   -0.02614    0.06537    0.22948   -0.13599    0.75578   -0.26348 
   71700   -2.52588    0.61088    0.20446   -0.25876   -0.28560   -0.27480    0.59731 
   71800   -2.46694   -0.34623   -0.09694    0.27321    0.36720   -0.14637   -0.72054 
   71900   -3.04077    0.09468    0.33241   -0.68988    0.65796   -0.32132   -0.68525 
   72000   -2.20915   -0.15884   -0.02903    0.42789    0.09288   -0.08959   -0.29364 
   72100   -2.68184    0.29767   -0.64910   -0.54192   -0.61614    0.12996   -0.16732 
   72200   -3.06812    0.89446    0.35392    0.24458    0.20342    0.74295    0.07517 
   72300   -2.60742    0.43796    0.76465    0.30353    0.08622   -0.17021    0.02758 
   72400   -3.44462    0.52342    0.61874   -0.49345    0.21490    0.26215    0.02744 
   72500   -2.91010   -0.12859   -1.22215   -1.48136   -0.10239    0.33775    0.72222 
   72600   -2.88064   -0.08858    0.12181    1.53518   -0.56476    0.06757   -0.85148 
   72700   -3.64933    0.67451   -1.36030    0.08763    0.33355   -0.45030   -0.12501 
   72800   -2.75079    0.28798    0.52141   -0.05288    0.43815   -0.25479   -0.61963 
   72900   -3.31870   -0.02513    0.12567   -0.35446    0.25720    0.19234   -0.46592 
   73000   -2.89045   -1.47862    0.44540   -0.97963    0.29367   -0.40786    0.57471 
   73100   -3.60605   -0.11528    0.03038   -0.39585    0.42762   -1.22611   -2.18862 
   73200   -2.61586   -1.14393    0.05211    0.83274    0.23388    0.07669   -0.10080 
   73300   -2.50147    0.01279    0.28691    0.32663    0.16274   -0.74996   -0.64277 
   73400   -3.41149   -0.23579   -0.42319   -0.54894   -0.82141   -0.09686   -1.06688 
   73500   -2.79297    0.30076   -0.26635   -0.18067    0.04954    1.29837    0.97025 
   73600   -2.44042    0.13840   -0.02871    0.09498   -0.32785   -0.48195   -0.37514 
   73700   -2.31659    0.22762   -0.30798    0.25960   -0.27565    0.37144    0.01570 
   73800   -2.71836   -0.37711    0.39629    0.89712    0.16850   -0.80518   -0.46115 
   73900   -3.24904    0.11872    0.40175    0.29275   -1.39769    0.98046    0.41400 
   74000   -3.10238   -0.03642   -1.73423    1.04607    0.28801   -0.23636   -0.46327 
   74100   -3.51425    0.21440   -0.97465    0.59503   -0.12028   -0.20695    0.13862 
   74200   -2.71466    0.06174   -0.15716   -0.08264    0.30758    0.17639   -0.26846 
   74300   -3.13760    0.30961   -1.94328   -1.00876    0.13162    0.15053   -0.14912 
   74400   -2.76443   -0.28159   -0.35494   -0.01989    0.67594    0.10761    1.08402 
   74500   -2.74856    0.39676   -0.56273   -0.33726   -0.33504   -0.31960    0.05444 
   74600   -2.91139   -0.47119   -0.22303   -0.81862    0.19198    0.29887   -0.32598 
   74700   -2.73740   -0.03398    0.27428    0.46661    0.13616   -1.18735    0.08513 
   74800   -3.20301   -0.52169   -1.86156    2.23295    0.80319    0.13323   -0.19835 
   74900   -2.45396    0.55773    0.35381   -0.01430   -0.08354   -0.21599    0.27192 
   75000   -3.10549   -0.17953   -0.26331   -0.26334   -0.21380   -0.00182   -0.12050 
   75100   -3.01258   -0.22218   -0.31125   -0.11605    2.28724    0.19932   -0.26123 
   75200   -3.24977    0.28692   -0.23279    0.01152    0.15323   -0.69382   -0.25704 
   75300   -3.53464    1.40136    0.85129    0.44175    0.50949   -0.04776    0.11076 
   75400   -2.54428    0.21578    0.37149    0.07783   -0.48519   -0.19289    0.52178 
   75500   -2.32419   -0.28230   -0.45633    0.20569    0.31008    0.17677    0.00964 
   75600   -3.18712    0.19876    0.20460   -0.44150    0.00812    0.31988   -0.20956 
   75700   -3.26449    0.14671    1.38596    1.91959   -0.05020   -0.10691    0.07999 
   75800   -2.82655    0.16677   -0.04159    0.49700   -0.52863    0.21131    0.42429 
   75900   -3.23475   -0.10164    0.28011   -0.47533   -0.96832    0.54954   -0.36013 
   76000   -3.19906    0.13143   -0.00342   -0.07454    0.80101    0.61002    0.59536 
   76100   -2.77057   -0.30003   -0.77599    0.09245    0.73173   -0.07628    0.56832 
   76200   -3.20689    0.06369   -0.11849    0.10535   -0.92645   -1.31412   -0.47203 
   76300   -2.69010   -0.03732    0.68987    0.04243   -0.71464   -0.22694   -0.41299 
   76400   -2.49415    0.30206    0.37376    0.25730   -0.49269    0.09968   -0.46562 
   76500   -2.34325    0.28579   -0.48579    0.22615   -0.16221    0.01959   -0.10465 
   76600   -2.65705   -0.14363    0.86188    0.13276    0.26577   -0.03096   -0.05885 
   76700   -3.17358    0.01332   -0.85562   -0.68640    0.23413   -0.05130   -0.10319 
   76800   -3.25746    1.20361    0.01515   -0.10415    0.09359   -0.01870    0.15912 
   76900   -2.72408   -1.34459    0.06496    0.03692    0.20648    0.04334    0.25961 
   77000   -2.71887   -0.52163   -0.94187    0.13167   -0.33394    0.40169   -0.23961 
   77100   -2.94993    0.26952   -0.60316   -0.95300    0.28747   -0.02694    0.07797 
   77200   -2.93363    0.09761   -0.22082    1.02554    0.23531   -0.12517   -1.75664 
   77300   -2.79255   -0.04568    0.13700   -0.50014   -0.49690    0.03657   -0.13762 
   77400   -2.45164    0.43975    0.16750   -0.02832   -0.52063    0.30682   -0.15309 
   77500   -2.72724    0.50460   -0.37565   -0.04081   -1.04362    0.12700    0.78696 
   77600   -3.10656    0.65152    0.45399   -0.79497    1.40213   -0.27765   -0.03116 
   77700   -2.41741   -0.07483    0.46346    0.29989    0.31856   -0.53261   -0.13136 
   77800   -3.02953   -0.02925   -0.17436   -0.42049    1.08111   -1.10294    1.70190 
   77900   -3.19739   -0.39071   -0.64460    0.00033    0.85227   -1.40616   -0.00553 
   78000   -2.41748    0.11301    0.07061   -0.26822   -0.31746   -0.47153    0.05087 
   78100   -2.55591    0.33143   -0.24666   -0.52561   -0.07819   -0.33433    0.27104 
   78200   -2.53533   -0.02159   -0.07016   -0.19700    0.38034    0.51998   -0.00453 
   78300   -3.33814   -0.11953    0.18910   -0.06888   -0.09666    0.49374    0.11847 
   78400   -2.24892    0.32100   -0.06081   -0.04839   -0.37244   -0.13273    0.22061 
   78500   -2.70096   -1.20771    0.61598   -0.17303    0.25907    0.01897    0.25947 
   78600   -2.78001    0.26733   -1.31590    0.29432   -0.60680    0.47803   -0.18190 
   78700   -2.39978    0.69173   -0.18752   -0.19571   -0.15078    0.14467    0.22093 
   78800   -2.59087   -0.14029    0.10549    0.41836   -0.25990   -0.77362   -0.44096 
   78900   -2.55675   -0.14029   -0.37787    0.58248    0.35425   -0.14018   -0.64405 
   79000   -3.55313    0.81627    0.30722    0.28444    0.75384    0.12132    0.19604 
   79100   -2.63820    0.36737   -0.12384   -0.74891   -0.15344    0.32305   -0.01506 
   79200   -2.79356    0.64848   -0.11472   -0.10638    0.01901    0.17610   -0.79529 
   79300   -3.11352    1.17537    1.23758    1.15702    0.52464   -0.87687    0.37703 
   79400   -3.01389   -0.73652    0.29271    0.53258    1.21020   -0.66495   -1.75289 
   79500   -2.96871   -0.63079    0.15992    0.81611    0.59437   -0.46136   -1.78694 
   79600   -2.94823    0.06137    0.27472   -0.10702   -0.89014    0.21543    1.39051 
   79700   -3.27597   -0.07281    0.03963    0.44703   -0.32185   -0.43861    0.63615 
   79800   -3.74381   -0.01159   -0.26187    0.64089   -0.15876   -1.36773    2.11595 
   79900   -2.62084    0.45014    0.26475    0.24207   -0.09901   -0.26915    0.42423 
   80000   -3.26046    0.26574    0.33565    0.08195    0.00412    0.85305   -0.15217 
   80100   -2.16025   -0.05984    0.03434   -0.13067    0.29253    0.08385    0.17036 
   80200   -2.62356    0.29090   -0.49578   -0.34285    0.26063    0.49776   -0.25549 
   80300   -2.58326    0.11913   -0.15993   -0.23418    0.34230    0.00410    0.92962 
   80400   -3.13381   -0.44439   -0.14359   -0.76387    0.03617   -0.11098   -0.04942 
   80500   -3.15651    0.88781    1.52039   -1.39804    0.87690   -0.48558    1.31867 
   80600   -2.68270   -0.32889    0.81673   -0.21558   -0.36813   -0.60576    0.52383 
   80700   -2.83509    0.75431   -0.57620    0.54139   -0.63184   -0.42493    0.32836 
   80800   -3.24875   -0.46667   -0.15202    0.45692   -1.36303   -0.44894   -0.26730 
   80900   -2.57545    0.54581    0.22405    1.15246   -0.18179   -0.04441   -0.28969 
   81000   -2.91887   -0.59794    0.09532   -0.65377   -0.86445   -0.51394    0.37559 
   81100   -2.53079    0.43444    0.33181   -0.43420   -0.22573    0.26487    0.43712 
   81200   -2.97661    0.05016   -0.80844   -1.30209    0.16995    1.29679    0.68567 
   81300   -3.03541    0.24599    1.47644    0.40369    0.33293   -1.53681   -0.77119 
   81400   -3.15751    0.13685   -1.20399   -0.04858    0.65428   -0.41802   -0.10650 
   81500   -2.91910    0.54653    0.37143    0.26244    0.87628   -0.56758   -0.44459 
   81600   -2.59288   -0.40418   -0.44603    0.97849    0.20820    0.27497   -0.41327 
   81700   -2.72864   -0.40729   -0.52251   -0.51204    0.27710    0.50670   -0.53366 
   81800   -3.51272   -0.30622   -0.27985    0.11287   -1.29223   -0.11652    0.65220 
   81900   -2.64252   -0.17292   -0.05919   -0.08561    1.01249    0.81346   -0.29126 
   82000   -2.61958   -0.52184   -0.19689   -0.01451    0.22156   -0.34115   -0.47072 
   82100   -2.50943   -0.35519    0.28023    0.31975   -0.00795   -0.63774   -0.00046 
   82200   -2.98078    0.26631    0.01003    0.20516   -0.16956    0.40745    0.68803 
   82300   -3.15388   -0.59016   -0.12766   -0.15007   -0.29497   -1.55317    0.18240 
   82400   -2.81118    0.75829   -0.41005   -0.03172   -1.20707   -0.56123   -0.12098 
   82500   -2.79458   -0.94261    0.69531    0.59091    0.25736   -0.29116    0.32652 
   82600   -3.15302    0.24415   -1.39801    1.26299    0.88025   -0.15133    0.00729 
   82700   -3.13839   -0.38753    0.21510   -0.00812   -0.04697    0.87098    1.15882 
   82800   -2.72230   -0.00167    0.13576    0.29279   -0.32111    0.38364   -1.42073 
   82900   -3.24530   -0.03269    0.70378    1.06762   -0.44095   -0.02390    1.30732 
   83000   -2.88563    0.32302   -0.56568    1.05914   -0.09903    0.95556   -1.01789 
   83100   -2.91232    0.10848    0.28572    0.55912    0.35831   -0.01550    0.12870 
   83200   -3.18418    0.39536   -0.48750    0.97454    0.61906   -0.45426    0.16562 
   83300   -2.57819    0.58461    0.44092    0.27443   -0.09332   -0.52042   -0.53451 
   83400   -3.32971   -1.36333   -0.21830   -0.38960   -0.16038    0.18883   -0.23593 
   83500   -3.27492    0.54709   -0.24796   -0.59932    0.18654    0.13751   -0.45562 
   83600   -2.75731    0.48696    0.24622    0.57774   -1.18769   -0.50280   -0.32151 
   83700   -2.70866   -1.22597    0.07290    0.31747    0.46718   -0.33970   -0.35810 
   83800   -3.02098    0.25727   -0.13514   -0.00168    0.20792   -0.28211   -0.63110 
   83900   -2.87554    0.09382    0.92132    0.43615   -0.61006   -0.22233    0.75779 
   84000   -2.71304    0.81463   -0.03323   -0.25042   -1.08395   -0.13229    0.46944 
   84100   -2.75866   -0.19379   -0.33949   -0.37362   -0.15503    0.47019   -0.51324 
   84200   -3.26578   -0.12596    0.29119   -1.87823   -0.42944    0.48741   -0.19129 
   84300   -3.34374    0.08388   -0.21456   -0.52026   -0.22497   -0.38851   -0.60878 
   84400   -2.31779    0.00646   -0.77759   -0.05981    0.03003    0.11664    0.06364 
   84500   -3.18548    0.19685   -0.57865   -0.40367    2.03575   -0.10561    0.57679 
   84600   -2.69124    0.62620    0.69395   -0.17406   -0.85834   -0.39549   -0.22006 
   84700   -2.95380    1.91010    0.50068   -1.33966   -0.26250   -0.00721   -0.01049 
   84800   -3.06935    0.32594    0.10740   -0.81527    0.35644    0.37902   -0.14485 
   84900   -2.66973   -0.25749   -0.15692   -0.08882    0.75349   -0.59969    0.36151 
   85000   -3.56517    0.27364   -0.11015    0.21761    1.04445    0.04562    0.36564 
   85100   -3.21363   -0.06773    1.49577   -0.29324    0.00246    0.65409    0.58708 
   85200   -3.35384    0.11840   -0.38930    0.96960   -0.03939    0.11243    0.63762 
   85300   -2.80459    0.01390   -0.89544    0.32245    0.36919    0.01813    0.01520 
   85400   -3.00745    0.22180    0.54372    0.40282    0.16135   -0.34165    1.12139 
   85500   -2.83295    0.07610   -0.29896    0.14003   -0.38487   -0.23690    0.20351 
   85600   -2.85457   -0.20225   -0.60015   -0.61629   -0.56701    0.29060   -0.33933 
   85700   -3.22189   -0.70807    1.24421    0.19751    0.36296    1.38909    0.92871 
   85800   -2.55095   -0.21335    0.78039   -0.34087    0.10438   -0.09300    0.42833 
   85900   -2.44134    0.58996    0.18782   -0.10142   -0.14132    0.04500    0.29020 
   86000   -2.80247   -0.88577    0.80069   -0.48238    0.67365   -0.65487    0.48385 
   86100   -2.70750    0.00867   -0.22059    0.87378    0.13542   -0.62585   -0.67423 
   86200   -2.68673   -0.00166    0.86634    0.08639   -0.30949   -0.54535    0.63297 
   86300   -2.83838   -0.39733    0.26537   -1.30209    0.23616   -0.59494    0.04439 
   86400   -3.37083   -1.46023    1.06743    0.91660   -0.32224   -0.06659   -0.10973 
   86500   -2.77003    1.21421    0.55577   -0.34194   -0.79864   -0.27228    0.02070 
   86600   -3.21351    1.00610    0.32714    1.62423    0.29127   -0.43283    0.05637 
   86700   -2.85473    0.45981    1.44586   -0.03520   -0.06476   -0.08616    0.24183 
   86800   -2.66679    0.20349   -0.40674   -0.51189    0.28642   -0.31043    0.74452 
   86900   -3.15132    0.32398   -0.26799   -0.08634    0.48456   -0.33207    0.39298 
   87000   -2.66649   -0.01584   -0.10195   -0.60851    0.08192    0.39299   -0.08616 
   87100   -2.90352   -0.95579   -0.53584    0.55342   -0.12768   -0.00604   -0.27714 
   87200   -3.35692    0.38052    0.57876   -0.15590    0.02164    0.18540   -0.19172 
   87300   -2.79128    0.39589    0.63285   -0.33947   -0.16334   -0.03831   -0.33160 
   87400   -2.75374    0.17526   -0.07086    0.04462    0.10370   -0.19055   -0.20595 
   87500   -2.35961   -0.18328   -0.02750    0.13626    0.74837    0.25068   -0.34431 
   87600   -2.43243   -0.17838    0.34459   -0.18430   -0.30738   -0.41565    0.08703 
   87700   -2.77653   -0.82659   -0.12725   -0.56589    0.75150    0.84706    0.22792 
   87800   -3.65843   -0.31411   -0.03632   -0.12743   -1.15327   -0.43052   -0.17825 
   87900   -2.55021   -0.16150   -0.35899    0.39043   -0.11386    0.63612   -0.73809 
   88000   -2.77304    0.21126    0.60560   -0.96627    0.48536   -0.11283    0.21614 
   88100   -2.46629   -0.35410    0.27634    0.46370   -0.05929   -0.21772   -0.06524 
   88200   -3.23507    0.02666   -0.29373    0.44725    0.05122    0.04186    0.22568 
   88300   -2.54835   -0.11038    0.42466   -0.17998   -0.43227   -0.15634    0.48448 
   88400   -3.65665   -0.28861    0.02255   -0.05196   -0.90796   -0.15680   -0.34176 
   88500   -2.66018    0.79777   -0.41104   -0.26209   -0.70197   -0.26785   -0.12204 
   88600   -3.03295    0.12010    0.23970    0.82377    0.25968   -0.50010    0.64441 
   88700   -2.93342   -0.99895    0.02182   -1.32803   -0.17971    0.62076    0.56464 
   88800   -2.40694   -0.06650   -0.25668    0.31355    0.11365    0.34550    0.12816 
   88900   -2.72880    0.55942    0.44475    0.38758   -0.13153    0.15349   -0.04545 
   89000   -2.39120    0.39212   -0.11272    0.10323   -0.72200   -0.05838   -0.11776 
   89100   -2.81206    0.02029    0.36739   -0.03088    0.90217   -0.03648   -0.15695 
   89200   -2.36446   -0.01176    0.13097   -0.00435   -0.42617   -0.59960   -0.05604 
   89300   -3.10362   -0.15834   -0.01643    0.08310    0.34928   -0.17992    1.14353 
   89400   -2.86000   -0.09362    0.43759    0.41575   -1.09424   -0.71202   -1.07301 
   89500   -2.87182   -0.24895   -0.22805    0.26823    0.03310    0.17772    0.60154 
   89600   -2.80476    0.69262    0.36008   -0.45724   -1.18573   -0.75747    0.10085 
   89700   -2.52740    0.28143    0.76224   -0.21325   -0.15202   -0.49677    0.38494 
   89800   -2.49793   -0.27254   -0.38087    0.31387    0.15361   -0.12776   -0.57048 
   89900   -2.94492    0.63912    0.77294   -1.49794    0.31533    0.08866    0.44406 
   90000   -2.59308   -0.77961   -0.36002    0.47714   -0.01728    0.10777   -0.21615 
   90100   -2.82956   -0.23506    0.46351   -0.11843    0.85130    0.49770   -0.03326 
   90200   -2.84618   -0.12874    0.41952   -0.32697    0.19689   -0.03234   -0.52012 
   90300   -2.65035   -0.32414    0.65065    0.82458   -0.28963   -0.27858   -0.39455 
   90400   -2.34083    0.03720    0.31098    0.52580    0.08100   -0.01326   -0.36816 
   90500   -3.31660    0.30698    1.05071    0.29331   -0.15935    0.70619    0.46545 
   90600   -2.63436    1.16377    0.38190    0.29944   -0.24998   -0.29631   -0.20336 
   90700   -3.48266    0.34336   -0.18380    0.18441    0.77118   -0.42999   -0.03635 
   90800   -2.61275    0.27885   -0.18495   -0.82864    0.06393   -0.38064    0.40569 
   90900   -2.74801    0.69030   -0.17598    0.00627   -0.00616    0.54022   -0.77560 
   91000   -3.65889   -0.13187    0.08545    0.20558   -1.00706   -0.50130    1.86840 
   91100   -3.06647    0.33218    0.16414   -0.02263   -0.40714    0.90395   -1.19882 
   91200   -2.48220    0.45821   -0.13515   -0.04066   -0.40406    0.65800    0.12513 
   91300   -2.44224   -0.08589    0.49380    0.17690   -0.29592   -0.53344   -0.29803 
   91400   -3.18511   -1.46311    0.07515    0.54641   -0.80110   -0.52142   -0.36623 
   91500   -3.00115   -1.26197    0.97504   -0.24073   -0.27934   -0.52442   -0.62141 
   91600   -2.50230   -0.17061   -0.77547   -0.23577    0.32912    0.40282   -0.07390 
   91700   -3.03386   -0.44640    0.13777   -0.20910   -0.25574   -1.14511   -0.77967 
   91800   -3.02912   -0.71754   -0.63844   -0.28258   -0.80871   -0.23571    0.67205 
   91900   -2.60355    0.10183    0.64010   -0.59023    0.26990   -0.47184    0.58777 
   92000   -2.86463    0.07249   -0.55234    0.08480    1.01382    1.37450    0.39152 
   92100   -3.16955   -0.06916   -0.00538   -0.01230   -0.27475    0.23725    0.21356 
   92200   -2.92753    0.23459    0.22773   -0.36049    0.39027   -0.69527   -0.54008 
   92300   -2.27563   -0.02318   -0.21948   -0.06171    0.17577    0.10634    0.32289 
   92400   -2.95815   -2.17015   -0.50607   -0.37113    0.20244    0.27579   -0.06327 
   92500   -2.85245   -0.52443   -0.31171   -1.32198    0.00107   -0.46369    0.83556 
   92600   -2.81097    0.00725    0.28776   -0.75890   -0.23990    0.88620    0.35698 
   92700   -2.50584   -0.57505   -0.11809   -0.45553   -0.01268   -0.11278    0.33579 
   92800   -2.74319    0.03446    0.10849   -0.10691    0.84258   -0.74644    0.14877 
   92900   -2.85442    0.28919    0.22252    0.17827   -0.40532    0.47791    0.48803 
   93000   -3.03040    0.04615   -0.29477   -0.51300    0.38920    1.87271    1.82026 
   93100   -2.43325    0.33748   -0.62962    0.09479   -0.05160    0.46141    0.13925 
   93200   -2.57119    0.42254   -0.43821   -0.45497   -0.59418   -0.03615   -0.02833 
   93300   -2.71614    0.16003   -0.38250   -0.02795    0.09080   -0.06009    0.24403 
   93400   -2.79431   -0.11885    0.13007    0.13320   -0.55814    0.07946   -0.66455 
   93500   -2.97098   -1.19765    0.26734    0.35011   -0.00451   -0.24844    0.58963 
   93600   -3.34785   -1.70085   -0.81754    0.29958   -0.33786   -0.81143   -0.25631 
   93700   -2.65844    0.06571   -0.37309   -0.10725    0.44974    0.43385   -0.55581 
   93800   -2.53107   -0.06971   -0.46354   -0.21636   -0.43269    0.07885    0.24421 
   93900   -2.64029   -0.19018    0.46773    0.71048    0.20726   -0.07966    0.01501 
   94000   -2.76880   -0.26383    0.13941    0.32392   -0.19124   -0.52022    0.28031 
   94100   -2.86314   -1.00053    0.25556   -0.80375    0.62506    0.12772    1.05435 
   94200   -2.47071   -0.19775   -0.17560   -0.34501    0.28778   -0.28730    0.10962 
   94300   -2.95069   -0.49799    1.17626    0.39995    0.08343   -1.54345   -0.28598 
   94400   -2.93087    0.14090   -0.28207   -0.22961   -0.64628   -0.40691   -0.34636 
   94500   -3.08269    0.46854   -0.94410    0.74632    0.12150    0.18867    0.46381 
   94600   -2.76218   -0.37497    0.01180   -0.77818   -0.05365    0.33343    1.24039 
   94700   -2.94400    0.00643   -0.18762    0.10231    0.20801    0.17505    0.69698 
   94800   -2.64546   -0.16869    0.14945   -0.60571   -0.48723    0.31343    0.75228 
   94900   -3.12035   -0.40097   -0.18796   -0.10200    0.09294   -0.94945   -0.79514 
   95000   -2.82074   -0.18477    0.79920   -0.40574    0.33850   -0.02010   -0.27165 
   95100   -2.91762    0.86373    0.13132   -1.20372   -0.29940   -0.81009   -0.06453 
   95200   -2.89716    0.53888    0.43226    0.04844   -0.03279    0.33831    0.93321 
   95300   -2.99554   -0.18218   -0.01889   -0.23705    1.29957   -0.28767   -0.77759 
   95400   -2.93795    0.49388   -0.45640    0.51223   -0.69645   -1.10010   -0.12917 
   95500   -2.82115   -0.13840   -0.34224   -0.33227   -0.65948   -0.37523    0.82945 
   95600   -2.76368    0.31136    0.51800   -0.25981   -0.66377   -0.43828    1.19805 
   95700   -2.80072    0.06427    0.80531   -0.75588   -0.77716   -0.26467   -0.07935 
   95800   -3.23940   -0.02856   -0.13821   -0.21004    0.10331    0.08299   -0.56674 
   95900   -3.15589    0.83436    1.03745    0.54856    0.22219   -0.13537    0.09245 
   96000   -2.38197    0.09478    0.15674    0.22116    0.01212    0.21726   -0.38960 
   96100   -2.86431    0.01539   -0.16774    0.69660   -0.97724   -0.56523   -0.07707 
   96200   -2.65915    0.00996   -0.40974   -0.54475    0.48001    0.87466    0.50942 
   96300   -3.51443   -0.42274   -0.16341    0.56067   -0.04172   -0.12574    0.16936 
   96400   -2.52252   -0.12992   -0.06333    0.08616    0.69567   -0.40798   -0.08499 
   96500   -3.13010   -0.20406    0.68383    2.10705    0.85385    0.65061   -0.27124 
   96600   -2.96312    1.07986   -0.44165    1.47946    0.10581   -0.22264   -0.37151 
   96700   -2.83048   -0.22451    0.15421    0.04067    0.30796    0.49047   -0.87792 
   96800   -2.65450    0.02644   -0.60931   -0.71938    0.40719    0.06438    0.67709 
   96900   -2.32066   -0.37804    0.32170    0.08984    0.15012   -0.07809    0.14825 
   97000   -2.53028   -0.62356    0.11684    0.57677   -0.02698   -0.04802   -0.15539 
   97100   -2.88198   -1.11102   -0.56909   -0.95643    0.50892    0.45985   -0.29942 
   97200   -3.11470   -0.02059   -1.33439    0.33208   -1.10380   -0.62302    0.36903 
   97300   -2.99904   -0.63523   -0.53086   -1.44084   -0.04158    0.20725   -0.00867 
   97400   -2.94306    0.26912   -0.23479    0.58967    0.72244   -0.31547   -0.00867 
   97500   -2.89488    1.48853    0.44533    0.41495   -0.21141    0.02963   -0.77128 
   97600   -2.83348    0.21715    0.00712    0.18069   -0.26980    0.73842    0.36819 
   97700   -2.50698   -0.12367    0.53805   -0.57720   -0.22659   -0.45322    0.27520 
   97800   -2.92916    0.10475    0.78465   -0.28099   -1.00103   -1.65239    0.12742 
   97900   -2.45386   -0.20194    0.14429   -0.08071    0.07061   -0.62580   -0.20752 
   98000   -2.27236    0.20599   -0.01326    0.00071   -0.52855   -0.28684    0.06514 
   98100   -2.37438    0.07568    0.40438   -0.21399   -0.14739   -0.56482   -0.08282 
   98200   -2.94192   -0.23810    0.33368    0.57495   -0.50559    0.21111    0.01144 
   98300   -2.83360    0.10173   -1.23800   -0.03572    0.66638    0.19330    0.08491 
   98400   -2.97791   -0.55678   -0.04954    0.80612    0.03448    0.27631    0.12424 
   98500   -2.61467    0.97033   -0.00144   -0.00518   -0.50604   -0.38245   -0.21070 
   98600   -2.98004   -0.93653    0.89760    0.67586   -0.02589   -0.49784    0.76380 
   98700   -2.84360   -0.01424    0.87014   -0.10879   -0.00956   -0.01956   -0.26473 
   98800   -3.00626    0.37226   -0.14312   -0.37362   -1.10539   -0.18130   -1.06528 
   98900   -2.56205    0.55999    0.39112    0.18481   -0.34190    0.27662   -0.22526 
   99000   -3.14707   -0.04887    0.19123    0.34966   -0.17769   -0.74980    0.96120 
   99100   -2.66221    0.27197    0.26320   -0.10302   -0.20092    0.33432   -0.00884 
   99200   -2.90053   -1.68558   -0.84572   -0.01632    0.35922    0.63423    0.05396 
   99300   -3.63797   -1.25459   -0.71201   -2.56857   -0.17496   -0.07436   -0.04617 
   99400   -2.95319    0.21833    0.07212    0.12160    0.27510    0.71482   -0.58127 
   99500   -2.86013    0.76635    0.16001    0.38113   -1.54977    0.23723   -0.55107 
   99600   -2.62715   -0.38390   -0.72478   -0.29261    0.62680    0.50505   -0.17922 
   99700   -3.15780    0.37287    0.99991   -1.67469    0.47810    1.20980    0.38184 
   99800   -2.76583   -0.07726   -0.22439   -0.48864   -0.06871    0.54573   -0.39564 
   99900   -2.89915   -0.44739   -0.29312    1.17540   -0.01310   -0.78513   -0.23483 
